

TREE # 1

  0  0.0000  19737.519205  x:  0.01378   0.00764   0.00081   0.00208   0.00000   0.00703   0.00927   0.00109   0.00497   0.00823   0.00062   0.00757   0.01000   0.00039   0.00483   0.00487   0.00033   0.00246   0.00286   0.00323   0.00161   0.00296   0.00032   0.00482   0.00096   0.00202   0.00642   0.00024   0.00436   0.00046   0.00517   0.00477   0.00126   0.00097   0.00019   0.00063   0.00085   0.00410   0.00307   0.00085   0.00353   0.00409   0.00308   0.00067   0.00876   0.00547   0.01769   0.00604   0.00585   0.00239   0.00053   0.00151   0.00119   2.00000   0.40000  
  1 99.0000  19737.488238  x:  0.01378   0.00764   0.00081   0.00208   0.00000   0.00703   0.00927   0.00109   0.00497   0.00823   0.00062   0.00757   0.01000   0.00039   0.00483   0.00487   0.00033   0.00246   0.00286   0.00323   0.00161   0.00296   0.00032   0.00482   0.00096   0.00202   0.00642   0.00024   0.00436   0.00046   0.00517   0.00477   0.00126   0.00097   0.00019   0.00063   0.00085   0.00410   0.00307   0.00085   0.00353   0.00409   0.00308   0.00067   0.00876   0.00547   0.01769   0.00604   0.00585   0.00239   0.00053   0.00151   0.00119   2.00000   0.40000  
  2 11818.2720  19732.403857  x:  0.01378   0.00763   0.00065   0.00208   0.00000   0.00702   0.00926   0.00109   0.00496   0.00823   0.00058   0.00757   0.00999   0.00048   0.00482   0.00485   0.00014   0.00243   0.00282   0.00323   0.00158   0.00293   0.00013   0.00480   0.00088   0.00200   0.00641   0.00005   0.00436   0.00039   0.00517   0.00477   0.00126   0.00089   0.00000   0.00063   0.00068   0.00410   0.00306   0.00066   0.00352   0.00408   0.00306   0.00069   0.00874   0.00547   0.01769   0.00602   0.00584   0.00238   0.00056   0.00150   0.00114   2.00001   0.39997  
  3 44683.0318  19731.507525  x:  0.01379   0.00763   0.00062   0.00208   0.00000   0.00702   0.00926   0.00109   0.00496   0.00823   0.00058   0.00757   0.00999   0.00048   0.00481   0.00485   0.00010   0.00243   0.00281   0.00323   0.00158   0.00292   0.00009   0.00480   0.00087   0.00200   0.00641   0.00000   0.00436   0.00040   0.00517   0.00477   0.00126   0.00088   0.00000   0.00063   0.00064   0.00409   0.00306   0.00061   0.00352   0.00408   0.00305   0.00070   0.00874   0.00547   0.01769   0.00602   0.00584   0.00238   0.00057   0.00151   0.00114   2.00001   0.39997  
  4 73392.5663  19730.155342  x:  0.01379   0.00763   0.00056   0.00208   0.00000   0.00702   0.00926   0.00110   0.00496   0.00823   0.00060   0.00756   0.00999   0.00047   0.00481   0.00484   0.00001   0.00243   0.00280   0.00323   0.00158   0.00292   0.00000   0.00479   0.00086   0.00200   0.00641   0.00000   0.00436   0.00040   0.00517   0.00477   0.00127   0.00087   0.00000   0.00065   0.00056   0.00409   0.00306   0.00053   0.00352   0.00408   0.00305   0.00070   0.00874   0.00547   0.01770   0.00602   0.00583   0.00238   0.00058   0.00151   0.00114   2.00001   0.39996  
  5 109417.6906  19730.155342  x:  0.01379   0.00763   0.00056   0.00208   0.00000   0.00702   0.00926   0.00110   0.00496   0.00823   0.00060   0.00756   0.00999   0.00047   0.00481   0.00484   0.00001   0.00243   0.00280   0.00323   0.00158   0.00292   0.00000   0.00479   0.00086   0.00200   0.00641   0.00000   0.00436   0.00040   0.00517   0.00477   0.00127   0.00087   0.00000   0.00065   0.00056   0.00409   0.00306   0.00053   0.00352   0.00408   0.00305   0.00070   0.00874   0.00547   0.01770   0.00602   0.00583   0.00238   0.00058   0.00151   0.00114   2.00001   0.39996  
  6 185341.9522  19729.971707  x:  0.01379   0.00763   0.00056   0.00208   0.00000   0.00702   0.00926   0.00109   0.00496   0.00823   0.00059   0.00756   0.00999   0.00047   0.00481   0.00484   0.00000   0.00243   0.00280   0.00323   0.00158   0.00291   0.00000   0.00479   0.00086   0.00200   0.00641   0.00000   0.00436   0.00040   0.00517   0.00477   0.00127   0.00087   0.00000   0.00064   0.00056   0.00409   0.00306   0.00052   0.00352   0.00408   0.00305   0.00070   0.00874   0.00547   0.01770   0.00602   0.00583   0.00238   0.00058   0.00151   0.00114   2.00001   0.39996  
  7 9363.1989  19724.738449  x:  0.01381   0.00760   0.00013   0.00212   0.00000   0.00702   0.00924   0.00107   0.00494   0.00823   0.00044   0.00754   0.00996   0.00050   0.00478   0.00478   0.00000   0.00235   0.00268   0.00324   0.00149   0.00282   0.00000   0.00474   0.00062   0.00195   0.00638   0.00000   0.00437   0.00007   0.00515   0.00476   0.00124   0.00063   0.00000   0.00053   0.00009   0.00407   0.00303   0.00000   0.00350   0.00406   0.00298   0.00070   0.00870   0.00547   0.01771   0.00599   0.00581   0.00236   0.00051   0.00149   0.00097   2.00003   0.39989  
  8 22204.9870  19724.099140  x:  0.01381   0.00759   0.00006   0.00212   0.00000   0.00702   0.00923   0.00107   0.00493   0.00823   0.00044   0.00754   0.00996   0.00054   0.00477   0.00477   0.00000   0.00235   0.00267   0.00325   0.00148   0.00281   0.00000   0.00473   0.00060   0.00194   0.00638   0.00000   0.00437   0.00007   0.00515   0.00476   0.00124   0.00061   0.00000   0.00053   0.00000   0.00407   0.00302   0.00000   0.00350   0.00406   0.00297   0.00071   0.00869   0.00548   0.01771   0.00598   0.00581   0.00236   0.00053   0.00149   0.00096   2.00003   0.39987  
  9 14174.7025  19723.925811  x:  0.01381   0.00759   0.00000   0.00212   0.00000   0.00702   0.00923   0.00107   0.00493   0.00824   0.00046   0.00754   0.00995   0.00053   0.00477   0.00477   0.00000   0.00234   0.00266   0.00325   0.00148   0.00280   0.00000   0.00473   0.00060   0.00194   0.00638   0.00000   0.00438   0.00007   0.00515   0.00475   0.00124   0.00061   0.00000   0.00054   0.00000   0.00406   0.00302   0.00000   0.00349   0.00406   0.00297   0.00071   0.00869   0.00548   0.01771   0.00598   0.00581   0.00235   0.00053   0.00149   0.00096   2.00003   0.39986  
 10 6757.3231  19721.254549  x:  0.01391   0.00747   0.00000   0.00219   0.00000   0.00710   0.00907   0.00100   0.00475   0.00833   0.00027   0.00746   0.00984   0.00062   0.00466   0.00457   0.00000   0.00219   0.00236   0.00327   0.00132   0.00256   0.00000   0.00457   0.00021   0.00184   0.00630   0.00000   0.00442   0.00006   0.00514   0.00470   0.00118   0.00022   0.00000   0.00022   0.00000   0.00400   0.00295   0.00000   0.00344   0.00400   0.00280   0.00074   0.00854   0.00549   0.01778   0.00587   0.00573   0.00231   0.00035   0.00145   0.00069   2.00013   0.39947  
 11 455.1416  19720.822610  x:  0.01394   0.00743   0.00000   0.00223   0.00000   0.00712   0.00902   0.00096   0.00470   0.00835   0.00012   0.00743   0.00980   0.00062   0.00462   0.00450   0.00000   0.00212   0.00225   0.00328   0.00123   0.00247   0.00000   0.00451   0.00026   0.00179   0.00626   0.00000   0.00443   0.00006   0.00512   0.00470   0.00116   0.00026   0.00000   0.00031   0.00000   0.00398   0.00292   0.00000   0.00342   0.00398   0.00273   0.00073   0.00848   0.00550   0.01781   0.00583   0.00570   0.00229   0.00032   0.00143   0.00057   2.00016   0.39932  
 12 3168.0715  19720.669206  x:  0.01398   0.00739   0.00000   0.00228   0.00000   0.00716   0.00896   0.00091   0.00464   0.00839   0.00014   0.00740   0.00976   0.00068   0.00459   0.00444   0.00000   0.00208   0.00219   0.00329   0.00117   0.00242   0.00000   0.00446   0.00032   0.00175   0.00624   0.00000   0.00441   0.00006   0.00509   0.00472   0.00111   0.00034   0.00000   0.00023   0.00000   0.00396   0.00291   0.00000   0.00341   0.00397   0.00269   0.00075   0.00843   0.00550   0.01784   0.00580   0.00568   0.00228   0.00031   0.00140   0.00056   2.00021   0.39913  
 13 1813.6769  19720.348991  x:  0.01409   0.00727   0.00000   0.00241   0.00000   0.00731   0.00872   0.00080   0.00445   0.00855   0.00016   0.00733   0.00965   0.00069   0.00453   0.00435   0.00000   0.00206   0.00220   0.00330   0.00110   0.00241   0.00000   0.00438   0.00029   0.00168   0.00618   0.00000   0.00428   0.00006   0.00496   0.00484   0.00099   0.00032   0.00000   0.00030   0.00000   0.00394   0.00289   0.00000   0.00339   0.00395   0.00267   0.00074   0.00829   0.00551   0.01793   0.00572   0.00563   0.00225   0.00029   0.00131   0.00076   2.00038   0.39842  
 14 1800.1876  19719.884401  x:  0.01429   0.00710   0.00000   0.00254   0.00000   0.00754   0.00835   0.00093   0.00422   0.00880   0.00014   0.00722   0.00946   0.00060   0.00447   0.00423   0.00000   0.00207   0.00228   0.00331   0.00117   0.00245   0.00000   0.00429   0.00034   0.00166   0.00610   0.00000   0.00409   0.00006   0.00475   0.00503   0.00107   0.00026   0.00000   0.00026   0.00000   0.00391   0.00288   0.00000   0.00338   0.00393   0.00267   0.00069   0.00805   0.00553   0.01810   0.00562   0.00556   0.00223   0.00053   0.00131   0.00072   2.00070   0.39705  
 15 2775.2649  19719.450526  x:  0.01447   0.00697   0.00000   0.00255   0.00000   0.00772   0.00807   0.00103   0.00410   0.00900   0.00020   0.00715   0.00930   0.00061   0.00444   0.00418   0.00000   0.00210   0.00235   0.00331   0.00125   0.00250   0.00000   0.00425   0.00023   0.00170   0.00604   0.00000   0.00397   0.00006   0.00461   0.00517   0.00118   0.00036   0.00000   0.00032   0.00000   0.00391   0.00288   0.00000   0.00338   0.00392   0.00269   0.00073   0.00788   0.00553   0.01825   0.00555   0.00551   0.00223   0.00041   0.00138   0.00056   2.00102   0.39570  
 16 5008.0047  19719.033721  x:  0.01463   0.00687   0.00000   0.00245   0.00000   0.00781   0.00788   0.00105   0.00414   0.00912   0.00024   0.00709   0.00919   0.00066   0.00444   0.00417   0.00000   0.00211   0.00235   0.00331   0.00128   0.00250   0.00000   0.00424   0.00038   0.00176   0.00601   0.00000   0.00395   0.00006   0.00456   0.00523   0.00124   0.00024   0.00000   0.00034   0.00000   0.00391   0.00289   0.00000   0.00338   0.00392   0.00270   0.00076   0.00775   0.00554   0.01839   0.00552   0.00549   0.00225   0.00025   0.00145   0.00053   2.00137   0.39427  
 17 5068.2037  19716.213446  x:  0.01559   0.00643   0.00000   0.00156   0.00000   0.00811   0.00709   0.00089   0.00491   0.00966   0.00013   0.00686   0.00855   0.00062   0.00447   0.00426   0.00000   0.00207   0.00206   0.00329   0.00120   0.00237   0.00000   0.00430   0.00030   0.00213   0.00590   0.00000   0.00419   0.00006   0.00457   0.00533   0.00134   0.00034   0.00000   0.00027   0.00000   0.00394   0.00292   0.00000   0.00340   0.00394   0.00270   0.00077   0.00713   0.00555   0.01927   0.00541   0.00543   0.00239   0.00031   0.00185   0.00083   2.00377   0.38420  
 18 9884.8201  19708.369175  x:  0.01750   0.00610   0.00000   0.00215   0.00000   0.00837   0.00645   0.00090   0.00650   0.01038   0.00024   0.00674   0.00776   0.00069   0.00482   0.00495   0.00000   0.00226   0.00227   0.00321   0.00106   0.00260   0.00000   0.00484   0.00030   0.00214   0.00602   0.00000   0.00481   0.00008   0.00506   0.00520   0.00049   0.00025   0.00000   0.00033   0.00000   0.00413   0.00308   0.00000   0.00354   0.00411   0.00296   0.00065   0.00663   0.00551   0.02114   0.00562   0.00562   0.00250   0.00053   0.00133   0.00031   2.00998   0.35810  
 19 16142.9545  19699.091072  x:  0.01996   0.00587   0.00000   0.00351   0.00000   0.00849   0.00619   0.00110   0.00810   0.01107   0.00015   0.00670   0.00703   0.00083   0.00514   0.00557   0.00000   0.00224   0.00232   0.00318   0.00089   0.00262   0.00000   0.00533   0.00025   0.00160   0.00620   0.00000   0.00548   0.00010   0.00570   0.00487   0.00159   0.00032   0.00000   0.00028   0.00000   0.00426   0.00313   0.00000   0.00361   0.00422   0.00301   0.00066   0.00630   0.00547   0.02360   0.00587   0.00585   0.00240   0.00033   0.00051   0.00067   2.01906   0.31996  
 20 76191.3753  19686.180683  x:  0.02322   0.00593   0.00000   0.00557   0.00000   0.00849   0.00662   0.00084   0.00926   0.01176   0.00000   0.00683   0.00669   0.00090   0.00537   0.00604   0.00000   0.00207   0.00251   0.00323   0.00110   0.00260   0.00000   0.00571   0.00018   0.00064   0.00646   0.00000   0.00582   0.00013   0.00629   0.00449   0.00202   0.00040   0.00000   0.00019   0.00000   0.00431   0.00304   0.00000   0.00359   0.00426   0.00289   0.00081   0.00647   0.00544   0.02694   0.00620   0.00613   0.00203   0.00022   0.00254   0.00109   2.03332   0.26005  
 21 100445.3310  19686.180683  x:  0.02322   0.00593   0.00000   0.00557   0.00000   0.00849   0.00662   0.00084   0.00926   0.01176   0.00000   0.00683   0.00669   0.00090   0.00537   0.00604   0.00000   0.00207   0.00251   0.00323   0.00110   0.00260   0.00000   0.00571   0.00018   0.00064   0.00646   0.00000   0.00582   0.00013   0.00629   0.00449   0.00202   0.00040   0.00000   0.00019   0.00000   0.00431   0.00304   0.00000   0.00359   0.00426   0.00289   0.00081   0.00647   0.00544   0.02694   0.00620   0.00613   0.00203   0.00022   0.00254   0.00109   2.03332   0.26005  
 22 128589.5786  19681.894192  x:  0.02315   0.00595   0.00000   0.00547   0.00000   0.00846   0.00668   0.00084   0.00917   0.01170   0.00095   0.00685   0.00677   0.00077   0.00534   0.00599   0.00000   0.00206   0.00247   0.00324   0.00110   0.00257   0.00000   0.00566   0.00028   0.00094   0.00645   0.00000   0.00578   0.00067   0.00625   0.00450   0.00193   0.00034   0.00000   0.00028   0.00000   0.00429   0.00303   0.00000   0.00358   0.00425   0.00287   0.00075   0.00652   0.00544   0.02689   0.00619   0.00612   0.00205   0.00027   0.00245   0.00100   2.03333   0.26003  
 23 22547.2594  19673.129725  x:  0.02279   0.00610   0.00000   0.00488   0.00000   0.00827   0.00703   0.00086   0.00866   0.01140   0.00073   0.00691   0.00719   0.00009   0.00516   0.00567   0.00000   0.00200   0.00226   0.00327   0.00111   0.00243   0.00000   0.00541   0.00031   0.00183   0.00640   0.00000   0.00553   0.00075   0.00604   0.00456   0.00149   0.00013   0.00000   0.00033   0.00000   0.00419   0.00296   0.00000   0.00351   0.00416   0.00274   0.00046   0.00677   0.00546   0.02657   0.00608   0.00602   0.00214   0.00034   0.00199   0.00053   2.03336   0.25989  
 24 7404.5020  19668.043186  x:  0.02236   0.00627   0.00000   0.00419   0.00000   0.00806   0.00742   0.00088   0.00806   0.01105   0.00056   0.00698   0.00767   0.00041   0.00495   0.00530   0.00000   0.00193   0.00204   0.00331   0.00111   0.00227   0.00000   0.00511   0.00031   0.00256   0.00633   0.00000   0.00525   0.00085   0.00580   0.00462   0.00102   0.00043   0.00000   0.00033   0.00000   0.00408   0.00288   0.00000   0.00343   0.00406   0.00260   0.00030   0.00706   0.00549   0.02618   0.00597   0.00592   0.00223   0.00035   0.00148   0.00016   2.03339   0.25972  
 25 16949.2305  19663.502600  x:  0.02178   0.00648   0.00000   0.00329   0.00000   0.00779   0.00791   0.00090   0.00727   0.01057   0.00041   0.00707   0.00827   0.00058   0.00470   0.00483   0.00000   0.00187   0.00179   0.00335   0.00111   0.00209   0.00000   0.00472   0.00028   0.00324   0.00625   0.00000   0.00489   0.00095   0.00549   0.00470   0.00056   0.00058   0.00000   0.00030   0.00000   0.00394   0.00279   0.00000   0.00334   0.00395   0.00244   0.00044   0.00742   0.00552   0.02566   0.00582   0.00578   0.00233   0.00030   0.00092   0.00076   2.03344   0.25949  
 26 20825.9624  19657.537187  x:  0.02064   0.00682   0.00000   0.00184   0.00000   0.00732   0.00866   0.00090   0.00582   0.00971   0.00046   0.00722   0.00919   0.00072   0.00432   0.00409   0.00000   0.00185   0.00166   0.00339   0.00111   0.00198   0.00000   0.00413   0.00023   0.00328   0.00612   0.00000   0.00433   0.00084   0.00499   0.00481   0.00156   0.00035   0.00000   0.00023   0.00000   0.00375   0.00271   0.00000   0.00323   0.00379   0.00231   0.00092   0.00798   0.00557   0.02465   0.00559   0.00557   0.00237   0.00020   0.00105   0.00071   2.03354   0.25903  
 27 8179.8041  19654.989376  x:  0.01968   0.00701   0.00000   0.00154   0.00000   0.00703   0.00907   0.00094   0.00484   0.00908   0.00055   0.00730   0.00970   0.00068   0.00416   0.00374   0.00000   0.00190   0.00184   0.00340   0.00111   0.00208   0.00000   0.00387   0.00044   0.00265   0.00606   0.00000   0.00408   0.00070   0.00475   0.00484   0.00136   0.00036   0.00000   0.00054   0.00000   0.00371   0.00272   0.00000   0.00322   0.00375   0.00236   0.00066   0.00828   0.00559   0.02379   0.00547   0.00546   0.00232   0.00075   0.00142   0.00075   2.03363   0.25861  
 28 5682.3290  19651.958810  x:  0.01857   0.00719   0.00000   0.00172   0.00000   0.00676   0.00945   0.00097   0.00391   0.00841   0.00069   0.00738   0.01018   0.00051   0.00407   0.00352   0.00000   0.00195   0.00200   0.00339   0.00111   0.00220   0.00000   0.00370   0.00019   0.00186   0.00600   0.00000   0.00392   0.00073   0.00455   0.00486   0.00098   0.00036   0.00000   0.00025   0.00000   0.00370   0.00276   0.00000   0.00324   0.00374   0.00244   0.00039   0.00856   0.00561   0.02279   0.00538   0.00537   0.00224   0.00047   0.00157   0.00066   2.03374   0.25811  
 29 7598.6124  19651.109722  x:  0.01805   0.00725   0.00000   0.00190   0.00000   0.00667   0.00958   0.00096   0.00367   0.00816   0.00069   0.00740   0.01035   0.00045   0.00406   0.00351   0.00000   0.00196   0.00203   0.00338   0.00111   0.00222   0.00000   0.00370   0.00044   0.00164   0.00598   0.00000   0.00391   0.00076   0.00452   0.00486   0.00087   0.00037   0.00000   0.00032   0.00000   0.00371   0.00277   0.00000   0.00325   0.00375   0.00247   0.00054   0.00865   0.00561   0.02233   0.00536   0.00535   0.00222   0.00026   0.00150   0.00058   2.03379   0.25785  
 30 5869.4020  19649.437884  x:  0.01663   0.00735   0.00000   0.00241   0.00000   0.00656   0.00978   0.00088   0.00365   0.00764   0.00062   0.00743   0.01064   0.00045   0.00418   0.00376   0.00000   0.00193   0.00196   0.00336   0.00111   0.00222   0.00000   0.00388   0.00024   0.00157   0.00598   0.00000   0.00406   0.00090   0.00460   0.00484   0.00106   0.00036   0.00000   0.00048   0.00000   0.00378   0.00281   0.00000   0.00331   0.00382   0.00252   0.00079   0.00877   0.00561   0.02102   0.00538   0.00536   0.00222   0.00051   0.00110   0.00052   2.03396   0.25708  
 31 3728.3897  19647.784103  x:  0.01504   0.00741   0.00000   0.00256   0.00000   0.00652   0.00991   0.00086   0.00398   0.00724   0.00060   0.00744   0.01083   0.00054   0.00433   0.00406   0.00000   0.00191   0.00189   0.00334   0.00111   0.00219   0.00000   0.00411   0.00049   0.00179   0.00600   0.00000   0.00428   0.00087   0.00475   0.00480   0.00127   0.00034   0.00000   0.00026   0.00000   0.00387   0.00284   0.00000   0.00335   0.00389   0.00253   0.00046   0.00882   0.00560   0.01954   0.00544   0.00540   0.00224   0.00052   0.00119   0.00067   2.03416   0.25613  
 32 5387.2268  19646.842191  x:  0.01403   0.00742   0.00000   0.00237   0.00000   0.00656   0.00990   0.00091   0.00432   0.00715   0.00064   0.00742   0.01085   0.00052   0.00441   0.00420   0.00000   0.00192   0.00191   0.00333   0.00111   0.00218   0.00000   0.00423   0.00032   0.00192   0.00602   0.00000   0.00440   0.00075   0.00486   0.00477   0.00114   0.00039   0.00000   0.00051   0.00000   0.00390   0.00284   0.00000   0.00336   0.00391   0.00252   0.00049   0.00879   0.00559   0.01858   0.00549   0.00545   0.00225   0.00031   0.00149   0.00068   2.03432   0.25540  
 33 4828.4081  19646.382313  x:  0.01356   0.00740   0.00000   0.00215   0.00000   0.00663   0.00982   0.00093   0.00449   0.00728   0.00067   0.00740   0.01077   0.00050   0.00442   0.00419   0.00000   0.00194   0.00196   0.00334   0.00111   0.00219   0.00000   0.00424   0.00031   0.00186   0.00604   0.00000   0.00441   0.00074   0.00491   0.00476   0.00096   0.00036   0.00000   0.00033   0.00000   0.00389   0.00282   0.00000   0.00335   0.00391   0.00250   0.00069   0.00871   0.00558   0.01807   0.00553   0.00548   0.00224   0.00041   0.00154   0.00059   2.03443   0.25488  
 34 2813.8720  19645.785051  x:  0.01306   0.00734   0.00000   0.00188   0.00000   0.00681   0.00958   0.00089   0.00458   0.00771   0.00064   0.00735   0.01049   0.00046   0.00436   0.00402   0.00000   0.00196   0.00203   0.00336   0.00111   0.00222   0.00000   0.00413   0.00034   0.00162   0.00607   0.00000   0.00433   0.00085   0.00492   0.00476   0.00100   0.00036   0.00000   0.00039   0.00000   0.00383   0.00279   0.00000   0.00330   0.00386   0.00247   0.00055   0.00852   0.00557   0.01741   0.00558   0.00551   0.00223   0.00037   0.00122   0.00058   2.03465   0.25386  
 35 1972.9529  19645.040813  x:  0.01269   0.00728   0.00000   0.00224   0.00000   0.00700   0.00922   0.00101   0.00427   0.00837   0.00064   0.00729   0.01005   0.00050   0.00419   0.00367   0.00000   0.00192   0.00193   0.00338   0.00110   0.00219   0.00000   0.00386   0.00034   0.00188   0.00609   0.00000   0.00408   0.00079   0.00479   0.00480   0.00107   0.00037   0.00000   0.00039   0.00000   0.00373   0.00276   0.00000   0.00325   0.00378   0.00246   0.00059   0.00827   0.00557   0.01662   0.00557   0.00551   0.00224   0.00040   0.00134   0.00062   2.03509   0.25186  
 36 1779.8122  19644.221715  x:  0.01282   0.00732   0.00000   0.00219   0.00000   0.00696   0.00905   0.00056   0.00397   0.00852   0.00064   0.00730   0.00979   0.00053   0.00420   0.00386   0.00000   0.00191   0.00187   0.00335   0.00112   0.00215   0.00000   0.00393   0.00033   0.00197   0.00606   0.00000   0.00411   0.00077   0.00469   0.00483   0.00104   0.00034   0.00000   0.00040   0.00000   0.00379   0.00283   0.00000   0.00332   0.00382   0.00251   0.00059   0.00821   0.00559   0.01623   0.00550   0.00545   0.00226   0.00039   0.00140   0.00062   2.03567   0.24917  
 37 1651.8229  19640.793655  x:  0.01377   0.00758   0.00000   0.00173   0.00000   0.00658   0.00849   0.00104   0.00293   0.00878   0.00061   0.00738   0.00882   0.00050   0.00434   0.00493   0.00000   0.00190   0.00173   0.00322   0.00114   0.00203   0.00000   0.00444   0.00033   0.00212   0.00588   0.00000   0.00441   0.00082   0.00429   0.00491   0.00105   0.00043   0.00000   0.00037   0.00000   0.00412   0.00309   0.00000   0.00364   0.00407   0.00269   0.00060   0.00813   0.00566   0.01474   0.00517   0.00516   0.00233   0.00038   0.00131   0.00062   2.03864   0.23544  
 38 10917.4566  19633.801778  x:  0.01495   0.00795   0.00000   0.00184   0.00000   0.00611   0.00844   0.00107   0.00340   0.00849   0.00064   0.00752   0.00849   0.00070   0.00425   0.00488   0.00000   0.00192   0.00201   0.00328   0.00103   0.00216   0.00000   0.00432   0.00032   0.00210   0.00573   0.00000   0.00428   0.00075   0.00411   0.00498   0.00098   0.00005   0.00000   0.00043   0.00000   0.00406   0.00293   0.00000   0.00355   0.00402   0.00246   0.00057   0.00840   0.00571   0.01352   0.00496   0.00498   0.00229   0.00035   0.00123   0.00060   2.04290   0.21579  
 39 14260.0467  19623.028788  x:  0.01787   0.00886   0.00000   0.00213   0.00000   0.00498   0.00837   0.00096   0.00467   0.00774   0.00074   0.00787   0.00776   0.00051   0.00400   0.00466   0.00000   0.00198   0.00270   0.00346   0.00080   0.00252   0.00000   0.00397   0.00034   0.00206   0.00539   0.00000   0.00392   0.00058   0.00373   0.00514   0.00105   0.00039   0.00000   0.00037   0.00000   0.00390   0.00249   0.00000   0.00328   0.00390   0.00188   0.00060   0.00908   0.00584   0.01054   0.00445   0.00457   0.00220   0.00036   0.00115   0.00061   2.05361   0.16632  
 40 503072.2579  19613.472851  x:  0.01884   0.00910   0.00000   0.00208   0.00000   0.00558   0.00862   0.00098   0.00487   0.00745   0.00033   0.00789   0.00811   0.00050   0.00412   0.00406   0.00000   0.00191   0.00198   0.00346   0.00218   0.00217   0.00000   0.00386   0.00032   0.00184   0.00560   0.00000   0.00402   0.00140   0.00450   0.00504   0.00101   0.00036   0.00000   0.00039   0.00000   0.00377   0.00273   0.00000   0.00320   0.00381   0.00277   0.00061   0.00929   0.00580   0.00992   0.00497   0.00500   0.00227   0.00039   0.00156   0.00061   2.06255   0.12511  
 41 38041.8480  19607.157175  x:  0.01838   0.00890   0.00000   0.00202   0.00000   0.00632   0.00878   0.00098   0.00443   0.00764   0.00076   0.00777   0.00861   0.00050   0.00431   0.00397   0.00000   0.00194   0.00172   0.00338   0.00113   0.00209   0.00000   0.00405   0.00034   0.00182   0.00587   0.00000   0.00426   0.00057   0.00486   0.00492   0.00100   0.00034   0.00000   0.00039   0.00000   0.00383   0.00292   0.00000   0.00334   0.00386   0.00274   0.00058   0.00913   0.00572   0.01071   0.00539   0.00538   0.00229   0.00038   0.00123   0.00059   2.06776   0.10134  
 42 28574.5402  19605.998693  x:  0.01787   0.00872   0.00000   0.00203   0.00000   0.00629   0.00878   0.00098   0.00428   0.00781   0.00050   0.00770   0.00870   0.00053   0.00429   0.00419   0.00000   0.00195   0.00218   0.00338   0.00094   0.00226   0.00000   0.00411   0.00033   0.00196   0.00587   0.00000   0.00425   0.00104   0.00464   0.00493   0.00103   0.00033   0.00000   0.00039   0.00000   0.00389   0.00281   0.00000   0.00337   0.00390   0.00239   0.00060   0.00899   0.00572   0.01127   0.00529   0.00531   0.00226   0.00037   0.00140   0.00062   2.06893   0.09625  
 43 7709.8632  19605.573470  x:  0.01751   0.00858   0.00000   0.00206   0.00000   0.00609   0.00875   0.00098   0.00430   0.00791   0.00057   0.00768   0.00867   0.00053   0.00424   0.00435   0.00000   0.00195   0.00228   0.00340   0.00132   0.00232   0.00000   0.00411   0.00033   0.00198   0.00582   0.00000   0.00419   0.00090   0.00440   0.00496   0.00104   0.00033   0.00000   0.00039   0.00000   0.00391   0.00271   0.00000   0.00335   0.00392   0.00224   0.00060   0.00890   0.00573   0.01164   0.00513   0.00517   0.00225   0.00037   0.00134   0.00062   2.06941   0.09438  
 44 3485.4342  19605.402405  x:  0.01729   0.00848   0.00000   0.00206   0.00000   0.00582   0.00871   0.00098   0.00442   0.00793   0.00056   0.00769   0.00857   0.00052   0.00418   0.00440   0.00000   0.00193   0.00210   0.00342   0.00125   0.00224   0.00000   0.00406   0.00033   0.00192   0.00573   0.00000   0.00412   0.00093   0.00426   0.00500   0.00102   0.00033   0.00000   0.00039   0.00000   0.00390   0.00270   0.00000   0.00331   0.00391   0.00244   0.00060   0.00886   0.00576   0.01186   0.00496   0.00502   0.00226   0.00038   0.00136   0.00061   2.06968   0.09368  
 45 1056.5660  19605.377320  x:  0.01724   0.00843   0.00000   0.00205   0.00000   0.00573   0.00867   0.00098   0.00440   0.00788   0.00056   0.00772   0.00845   0.00053   0.00419   0.00434   0.00000   0.00196   0.00210   0.00341   0.00125   0.00225   0.00000   0.00405   0.00033   0.00194   0.00568   0.00000   0.00413   0.00093   0.00437   0.00502   0.00102   0.00033   0.00000   0.00039   0.00000   0.00388   0.00278   0.00000   0.00332   0.00390   0.00240   0.00060   0.00888   0.00578   0.01191   0.00496   0.00501   0.00226   0.00038   0.00136   0.00061   2.06987   0.09361  
 46 187.6670  19605.347469  x:  0.01720   0.00837   0.00000   0.00204   0.00000   0.00574   0.00864   0.00098   0.00438   0.00778   0.00056   0.00778   0.00830   0.00053   0.00421   0.00430   0.00000   0.00188   0.00212   0.00341   0.00125   0.00225   0.00000   0.00406   0.00033   0.00195   0.00567   0.00000   0.00415   0.00093   0.00439   0.00503   0.00102   0.00033   0.00000   0.00039   0.00000   0.00388   0.00266   0.00000   0.00333   0.00390   0.00242   0.00060   0.00894   0.00579   0.01195   0.00500   0.00503   0.00226   0.00037   0.00135   0.00061   2.07040   0.09360  
 47 175.6282  19605.247819  x:  0.01716   0.00825   0.00000   0.00203   0.00000   0.00589   0.00860   0.00098   0.00439   0.00761   0.00055   0.00790   0.00810   0.00053   0.00418   0.00430   0.00000   0.00211   0.00207   0.00344   0.00125   0.00223   0.00000   0.00406   0.00033   0.00196   0.00570   0.00000   0.00411   0.00094   0.00423   0.00501   0.00102   0.00033   0.00000   0.00039   0.00000   0.00389   0.00264   0.00000   0.00330   0.00390   0.00242   0.00060   0.00910   0.00580   0.01199   0.00505   0.00509   0.00227   0.00037   0.00135   0.00061   2.07257   0.09363  
 48 533.6402  19604.701817  x:  0.01711   0.00794   0.00000   0.00202   0.00000   0.00625   0.00854   0.00099   0.00450   0.00748   0.00055   0.00813   0.00793   0.00052   0.00406   0.00441   0.00000   0.00171   0.00210   0.00347   0.00125   0.00225   0.00000   0.00398   0.00033   0.00193   0.00587   0.00000   0.00396   0.00095   0.00394   0.00496   0.00101   0.00034   0.00000   0.00039   0.00000   0.00388   0.00317   0.00000   0.00326   0.00389   0.00235   0.00060   0.00958   0.00575   0.01203   0.00497   0.00510   0.00226   0.00037   0.00135   0.00060   2.08476   0.09391  
 49 2170.8931  19597.140177  x:  0.01695   0.00586   0.00000   0.00213   0.00000   0.00654   0.00818   0.00100   0.00434   0.00901   0.00060   0.00906   0.00882   0.00054   0.00390   0.00515   0.00000   0.00210   0.00261   0.00321   0.00123   0.00237   0.00000   0.00358   0.00033   0.00205   0.00657   0.00000   0.00388   0.00079   0.00532   0.00483   0.00108   0.00034   0.00000   0.00038   0.00000   0.00373   0.00259   0.00000   0.00364   0.00378   0.00301   0.00060   0.01288   0.00533   0.01211   0.00376   0.00430   0.00222   0.00036   0.00130   0.00063   2.25752   0.09821  
 50 12069.9939  19579.280712  x:  0.01633   0.00591   0.00000   0.00230   0.00000   0.00490   0.00780   0.00098   0.00428   0.01121   0.00054   0.00897   0.00966   0.00046   0.00450   0.00485   0.00000   0.00190   0.00113   0.00356   0.00118   0.00197   0.00000   0.00454   0.00034   0.00134   0.00597   0.00000   0.00448   0.00107   0.00476   0.00510   0.00100   0.00033   0.00000   0.00041   0.00000   0.00399   0.00227   0.00000   0.00316   0.00397   0.00129   0.00052   0.01558   0.00556   0.01288   0.00583   0.00495   0.00232   0.00045   0.00170   0.00060   2.63267   0.10761  
 51 94341.6275  19563.214719  x:  0.01538   0.00770   0.00000   0.00234   0.00000   0.00384   0.00786   0.00094   0.00437   0.01218   0.00063   0.00798   0.00974   0.00055   0.00497   0.00391   0.00000   0.00211   0.00306   0.00380   0.00124   0.00216   0.00000   0.00533   0.00034   0.00206   0.00483   0.00000   0.00490   0.00072   0.00341   0.00535   0.00115   0.00037   0.00000   0.00037   0.00000   0.00424   0.00315   0.00000   0.00279   0.00417   0.00343   0.00060   0.01618   0.00609   0.01412   0.00780   0.00596   0.00228   0.00034   0.00133   0.00066   3.06020   0.11832  
 52 315661.3738  19529.916284  x:  0.01401   0.01255   0.00000   0.00207   0.00000   0.00712   0.00948   0.00098   0.00457   0.00837   0.00060   0.00486   0.00758   0.00051   0.00383   0.00434   0.00000   0.00203   0.00223   0.00284   0.00116   0.00298   0.00000   0.00405   0.00033   0.00208   0.00401   0.00000   0.00375   0.00082   0.00436   0.00531   0.00106   0.00038   0.00000   0.00037   0.00000   0.00383   0.00285   0.00000   0.00464   0.00385   0.00293   0.00061   0.00960   0.00677   0.01643   0.00548   0.00465   0.00196   0.00035   0.00125   0.00062   3.81796   0.13734  
 53 199832.2341  19522.663087  x:  0.01401   0.01268   0.00000   0.00202   0.00000   0.00694   0.00954   0.00096   0.00433   0.00715   0.00060   0.00617   0.00762   0.00051   0.00407   0.00417   0.00000   0.00200   0.00254   0.00346   0.00113   0.00212   0.00000   0.00378   0.00032   0.00208   0.00574   0.00000   0.00405   0.00080   0.00445   0.00500   0.00105   0.00038   0.00000   0.00037   0.00000   0.00378   0.00282   0.00000   0.00373   0.00382   0.00273   0.00061   0.00638   0.00631   0.01668   0.00460   0.00486   0.00252   0.00035   0.00122   0.00061   3.97710   0.14134  
 54 120862.2448  19522.071068  x:  0.01413   0.01219   0.00000   0.00197   0.00000   0.00686   0.00949   0.00096   0.00429   0.00694   0.00059   0.00637   0.00783   0.00052   0.00404   0.00415   0.00000   0.00199   0.00239   0.00322   0.00113   0.00250   0.00000   0.00385   0.00032   0.00217   0.00558   0.00000   0.00398   0.00081   0.00439   0.00492   0.00105   0.00038   0.00000   0.00037   0.00000   0.00379   0.00285   0.00000   0.00352   0.00383   0.00279   0.00062   0.00582   0.00605   0.01658   0.00468   0.00495   0.00205   0.00034   0.00120   0.00061   3.99016   0.14167  
 55 12290.8224  19521.922088  x:  0.01422   0.01177   0.00000   0.00197   0.00000   0.00687   0.00949   0.00096   0.00429   0.00681   0.00059   0.00626   0.00795   0.00052   0.00399   0.00413   0.00000   0.00199   0.00245   0.00314   0.00113   0.00240   0.00000   0.00387   0.00032   0.00216   0.00530   0.00000   0.00393   0.00080   0.00434   0.00491   0.00105   0.00038   0.00000   0.00037   0.00000   0.00380   0.00285   0.00000   0.00357   0.00383   0.00277   0.00062   0.00559   0.00592   0.01650   0.00476   0.00497   0.00227   0.00034   0.00120   0.00061   3.99353   0.14175  
 56 2635.3329  19521.899895  x:  0.01425   0.01163   0.00000   0.00197   0.00000   0.00687   0.00953   0.00096   0.00429   0.00678   0.00059   0.00615   0.00795   0.00052   0.00402   0.00411   0.00000   0.00199   0.00246   0.00324   0.00113   0.00234   0.00000   0.00386   0.00032   0.00216   0.00529   0.00000   0.00396   0.00080   0.00432   0.00493   0.00105   0.00038   0.00000   0.00037   0.00000   0.00380   0.00286   0.00000   0.00360   0.00383   0.00277   0.00062   0.00556   0.00594   0.01647   0.00476   0.00498   0.00219   0.00034   0.00120   0.00061   3.99402   0.14176  
 57 504.2342  19521.895784  x:  0.01426   0.01159   0.00000   0.00196   0.00000   0.00686   0.00957   0.00096   0.00428   0.00678   0.00059   0.00610   0.00794   0.00052   0.00403   0.00410   0.00000   0.00199   0.00245   0.00324   0.00113   0.00238   0.00000   0.00386   0.00032   0.00216   0.00532   0.00000   0.00397   0.00080   0.00431   0.00494   0.00105   0.00038   0.00000   0.00037   0.00000   0.00380   0.00286   0.00000   0.00359   0.00383   0.00277   0.00062   0.00555   0.00598   0.01646   0.00476   0.00498   0.00221   0.00034   0.00119   0.00061   3.99412   0.14177  
 58 116.7378  19521.895170  x:  0.01426   0.01158   0.00000   0.00196   0.00000   0.00685   0.00960   0.00096   0.00428   0.00679   0.00059   0.00610   0.00793   0.00052   0.00402   0.00411   0.00000   0.00199   0.00246   0.00322   0.00113   0.00237   0.00000   0.00386   0.00032   0.00216   0.00533   0.00000   0.00397   0.00080   0.00431   0.00494   0.00105   0.00038   0.00000   0.00037   0.00000   0.00380   0.00286   0.00000   0.00359   0.00383   0.00277   0.00062   0.00555   0.00600   0.01645   0.00476   0.00498   0.00221   0.00034   0.00119   0.00061   3.99413   0.14177  
 59 34.9973  19521.894998  x:  0.01426   0.01157   0.00000   0.00197   0.00000   0.00685   0.00961   0.00096   0.00428   0.00679   0.00059   0.00611   0.00793   0.00052   0.00402   0.00411   0.00000   0.00199   0.00246   0.00323   0.00113   0.00237   0.00000   0.00386   0.00032   0.00216   0.00532   0.00000   0.00396   0.00080   0.00432   0.00494   0.00105   0.00038   0.00000   0.00037   0.00000   0.00380   0.00286   0.00000   0.00359   0.00383   0.00277   0.00062   0.00555   0.00600   0.01645   0.00476   0.00498   0.00221   0.00034   0.00120   0.00061   3.99414   0.14177  
 60 12.7204  19521.894820  x:  0.01426   0.01157   0.00000   0.00197   0.00000   0.00685   0.00962   0.00096   0.00428   0.00680   0.00059   0.00611   0.00793   0.00052   0.00403   0.00410   0.00000   0.00199   0.00246   0.00322   0.00113   0.00237   0.00000   0.00386   0.00032   0.00216   0.00532   0.00000   0.00397   0.00080   0.00431   0.00494   0.00105   0.00038   0.00000   0.00037   0.00000   0.00380   0.00286   0.00000   0.00359   0.00383   0.00277   0.00062   0.00555   0.00599   0.01645   0.00476   0.00498   0.00221   0.00034   0.00120   0.00061   3.99414   0.14177  
 61  3.7876  19521.892714  x:  0.01426   0.01158   0.00000   0.00197   0.00000   0.00684   0.00965   0.00096   0.00428   0.00680   0.00059   0.00609   0.00791   0.00052   0.00402   0.00411   0.00000   0.00199   0.00246   0.00323   0.00113   0.00237   0.00000   0.00388   0.00032   0.00216   0.00534   0.00000   0.00395   0.00080   0.00432   0.00495   0.00105   0.00038   0.00000   0.00037   0.00000   0.00380   0.00286   0.00000   0.00358   0.00383   0.00277   0.00062   0.00555   0.00593   0.01645   0.00476   0.00498   0.00221   0.00034   0.00120   0.00061   3.99423   0.14177  
 62  6.4281  19521.794180  x:  0.01427   0.01155   0.00000   0.00197   0.00000   0.00674   0.00967   0.00096   0.00429   0.00680   0.00059   0.00608   0.00789   0.00052   0.00394   0.00425   0.00000   0.00199   0.00245   0.00319   0.00113   0.00238   0.00000   0.00361   0.00032   0.00216   0.00544   0.00000   0.00403   0.00080   0.00430   0.00495   0.00105   0.00038   0.00000   0.00037   0.00000   0.00374   0.00285   0.00000   0.00373   0.00379   0.00279   0.00062   0.00556   0.00582   0.01646   0.00492   0.00512   0.00220   0.00034   0.00119   0.00061   3.99820   0.14179  
 63 55.8556  19510.206040  x:  0.01522   0.00741   0.00000   0.00209   0.00000   0.00644   0.00978   0.00092   0.00461   0.00737   0.00047   0.00701   0.00960   0.00041   0.00484   0.00319   0.00000   0.00193   0.00221   0.00321   0.00115   0.00247   0.00000   0.00523   0.00028   0.00201   0.00620   0.00000   0.00352   0.00088   0.00402   0.00394   0.00104   0.00038   0.00000   0.00029   0.00000   0.00307   0.00298   0.00000   0.00564   0.00310   0.00296   0.00060   0.00726   0.00538   0.01684   0.00489   0.00731   0.00215   0.00026   0.00130   0.00056   4.47617   0.14418  
 64 3611.6410  19502.478829  x:  0.01584   0.00481   0.00000   0.00219   0.00000   0.00712   0.00991   0.00091   0.00457   0.00759   0.00044   0.00737   0.01069   0.00034   0.00443   0.00339   0.00000   0.00187   0.00225   0.00342   0.00112   0.00235   0.00000   0.00446   0.00026   0.00191   0.00586   0.00000   0.00432   0.00083   0.00468   0.00480   0.00106   0.00038   0.00000   0.00024   0.00000   0.00427   0.00309   0.00000   0.00369   0.00428   0.00308   0.00058   0.00842   0.00535   0.01710   0.00585   0.00719   0.00223   0.00022   0.00135   0.00053   4.78264   0.14571  
 65 155574.5753  19502.009208  x:  0.01587   0.00465   0.00000   0.00220   0.00000   0.00723   0.00992   0.00091   0.00446   0.00757   0.00045   0.00728   0.01071   0.00033   0.00460   0.00366   0.00000   0.00187   0.00230   0.00347   0.00111   0.00232   0.00000   0.00446   0.00026   0.00190   0.00579   0.00000   0.00440   0.00081   0.00473   0.00462   0.00106   0.00038   0.00000   0.00024   0.00000   0.00380   0.00308   0.00000   0.00320   0.00383   0.00310   0.00057   0.00850   0.00536   0.01712   0.00615   0.00685   0.00224   0.00022   0.00136   0.00053   4.80125   0.14580  
 66 15686.7323  19501.973576  x:  0.01588   0.00463   0.00000   0.00219   0.00000   0.00723   0.00992   0.00091   0.00448   0.00756   0.00045   0.00731   0.01072   0.00033   0.00460   0.00361   0.00000   0.00187   0.00231   0.00347   0.00112   0.00233   0.00000   0.00448   0.00025   0.00191   0.00588   0.00000   0.00441   0.00081   0.00470   0.00456   0.00106   0.00038   0.00000   0.00024   0.00000   0.00381   0.00309   0.00000   0.00328   0.00383   0.00311   0.00057   0.00848   0.00536   0.01712   0.00632   0.00658   0.00224   0.00022   0.00136   0.00053   4.80269   0.14581  
 67 822.8998  19501.973449  x:  0.01588   0.00463   0.00000   0.00219   0.00000   0.00723   0.00992   0.00091   0.00448   0.00756   0.00045   0.00731   0.01072   0.00033   0.00461   0.00361   0.00000   0.00187   0.00231   0.00347   0.00112   0.00233   0.00000   0.00448   0.00025   0.00191   0.00588   0.00000   0.00440   0.00081   0.00470   0.00458   0.00106   0.00038   0.00000   0.00024   0.00000   0.00381   0.00309   0.00000   0.00328   0.00383   0.00311   0.00057   0.00848   0.00536   0.01712   0.00633   0.00657   0.00224   0.00022   0.00136   0.00053   4.80270   0.14581  
 68 12.2937  19501.972627  x:  0.01588   0.00463   0.00000   0.00219   0.00000   0.00723   0.00992   0.00091   0.00448   0.00756   0.00045   0.00731   0.01072   0.00033   0.00462   0.00362   0.00000   0.00187   0.00231   0.00347   0.00112   0.00233   0.00000   0.00448   0.00025   0.00191   0.00588   0.00000   0.00439   0.00081   0.00470   0.00459   0.00106   0.00038   0.00000   0.00024   0.00000   0.00384   0.00309   0.00000   0.00328   0.00381   0.00311   0.00057   0.00848   0.00536   0.01712   0.00633   0.00657   0.00224   0.00022   0.00136   0.00053   4.80276   0.14581  
 69  1.5651  19501.338467  x:  0.01585   0.00486   0.00000   0.00220   0.00000   0.00718   0.00983   0.00091   0.00448   0.00760   0.00044   0.00721   0.01068   0.00033   0.00526   0.00376   0.00000   0.00187   0.00228   0.00349   0.00111   0.00231   0.00000   0.00410   0.00025   0.00191   0.00590   0.00000   0.00391   0.00080   0.00481   0.00401   0.00106   0.00038   0.00000   0.00024   0.00000   0.00400   0.00306   0.00000   0.00314   0.00427   0.00310   0.00057   0.00853   0.00535   0.01721   0.00641   0.00655   0.00225   0.00022   0.00135   0.00053   4.85075   0.14595  
 70 56.5179  19490.109821  x:  0.01521   0.00918   0.00000   0.00256   0.00000   0.00799   0.00850   0.00088   0.00482   0.00878   0.00037   0.00812   0.01106   0.00017   0.00431   0.00410   0.00000   0.00184   0.00194   0.00368   0.00104   0.00213   0.00000   0.00430   0.00026   0.00151   0.00682   0.00000   0.00512   0.00063   0.00552   0.00515   0.00109   0.00037   0.00000   0.00026   0.00000   0.00401   0.00289   0.00000   0.00248   0.00406   0.00287   0.00047   0.00874   0.00517   0.01879   0.00695   0.00516   0.00236   0.00030   0.00149   0.00049   5.79534   0.14873  
 71 36719.2659  19480.294182  x:  0.01255   0.00802   0.00000   0.00265   0.00000   0.00717   0.00807   0.00088   0.00491   0.00886   0.00010   0.00775   0.00967   0.00034   0.00459   0.00497   0.00000   0.00193   0.00149   0.00342   0.00097   0.00217   0.00000   0.00447   0.00029   0.00179   0.00672   0.00000   0.00462   0.00043   0.00552   0.00452   0.00116   0.00027   0.00000   0.00037   0.00000   0.00369   0.00256   0.00000   0.00452   0.00386   0.00207   0.00044   0.00821   0.00561   0.01937   0.00520   0.00627   0.00227   0.00036   0.00145   0.00055   7.10190   0.15265  
 72  1.0220  19474.205287  x:  0.01515   0.00694   0.00000   0.00253   0.00000   0.00697   0.00914   0.00083   0.00500   0.00824   0.00000   0.00746   0.00895   0.00030   0.00451   0.00426   0.00000   0.00198   0.00189   0.00324   0.00124   0.00216   0.00000   0.00394   0.00024   0.00157   0.00626   0.00000   0.00405   0.00052   0.00538   0.00460   0.00115   0.00024   0.00000   0.00026   0.00000   0.00375   0.00266   0.00000   0.00394   0.00388   0.00209   0.00059   0.00820   0.00569   0.01898   0.00518   0.00557   0.00218   0.00026   0.00141   0.00051   8.13004   0.15379  
 73  0.8547  19471.885750  x:  0.01503   0.00653   0.00000   0.00243   0.00000   0.00698   0.00905   0.00085   0.00487   0.00820   0.00018   0.00739   0.00908   0.00030   0.00441   0.00399   0.00000   0.00197   0.00204   0.00323   0.00117   0.00222   0.00000   0.00400   0.00026   0.00149   0.00607   0.00000   0.00413   0.00020   0.00511   0.00469   0.00113   0.00022   0.00000   0.00026   0.00000   0.00387   0.00279   0.00000   0.00338   0.00392   0.00234   0.00057   0.00814   0.00555   0.01876   0.00544   0.00531   0.00217   0.00027   0.00134   0.00053   8.90670   0.15474  
 74  1.0690  19470.079388  x:  0.01471   0.00629   0.00000   0.00231   0.00000   0.00701   0.00883   0.00088   0.00473   0.00820   0.00005   0.00732   0.00934   0.00030   0.00429   0.00377   0.00000   0.00193   0.00209   0.00326   0.00112   0.00225   0.00000   0.00414   0.00028   0.00146   0.00589   0.00000   0.00432   0.00050   0.00486   0.00481   0.00111   0.00020   0.00000   0.00027   0.00000   0.00397   0.00294   0.00000   0.00277   0.00393   0.00272   0.00054   0.00807   0.00538   0.01841   0.00576   0.00514   0.00218   0.00028   0.00130   0.00056   9.85866   0.15672  
 75  2.6766  19468.505389  x:  0.01473   0.00700   0.00000   0.00229   0.00000   0.00695   0.00873   0.00092   0.00468   0.00831   0.00024   0.00723   0.00957   0.00023   0.00433   0.00427   0.00000   0.00189   0.00207   0.00336   0.00109   0.00218   0.00000   0.00443   0.00021   0.00144   0.00596   0.00000   0.00460   0.00055   0.00484   0.00475   0.00107   0.00022   0.00000   0.00020   0.00000   0.00384   0.00287   0.00000   0.00336   0.00379   0.00278   0.00055   0.00796   0.00547   0.01827   0.00557   0.00571   0.00223   0.00021   0.00138   0.00056  11.07426   0.15967  
 76  0.8740  19468.033353  x:  0.01482   0.00719   0.00000   0.00233   0.00000   0.00693   0.00882   0.00091   0.00467   0.00830   0.00021   0.00723   0.00960   0.00028   0.00441   0.00431   0.00000   0.00190   0.00201   0.00336   0.00109   0.00218   0.00000   0.00434   0.00028   0.00170   0.00602   0.00000   0.00455   0.00054   0.00491   0.00475   0.00109   0.00023   0.00000   0.00035   0.00000   0.00382   0.00280   0.00000   0.00344   0.00383   0.00264   0.00054   0.00798   0.00555   0.01832   0.00554   0.00569   0.00222   0.00034   0.00138   0.00060  11.67291   0.16097  
 77  0.7931  19467.816918  x:  0.01436   0.00711   0.00000   0.00237   0.00000   0.00691   0.00884   0.00089   0.00467   0.00827   0.00019   0.00723   0.00951   0.00027   0.00444   0.00415   0.00000   0.00193   0.00193   0.00331   0.00109   0.00220   0.00000   0.00416   0.00028   0.00179   0.00605   0.00000   0.00437   0.00053   0.00494   0.00473   0.00111   0.00024   0.00000   0.00029   0.00000   0.00385   0.00278   0.00000   0.00330   0.00390   0.00247   0.00054   0.00801   0.00556   0.01834   0.00554   0.00548   0.00220   0.00028   0.00136   0.00058  12.15693   0.16166  
 78  0.4445  19467.762258  x:  0.01457   0.00699   0.00000   0.00240   0.00000   0.00696   0.00874   0.00089   0.00472   0.00831   0.00019   0.00724   0.00945   0.00026   0.00440   0.00412   0.00000   0.00193   0.00195   0.00330   0.00110   0.00220   0.00000   0.00420   0.00027   0.00166   0.00606   0.00000   0.00436   0.00054   0.00497   0.00469   0.00111   0.00026   0.00000   0.00029   0.00000   0.00384   0.00280   0.00000   0.00330   0.00387   0.00248   0.00053   0.00802   0.00551   0.01835   0.00554   0.00554   0.00221   0.00029   0.00138   0.00057  12.40942   0.16163  
 79  0.2004  19467.752059  x:  0.01458   0.00702   0.00000   0.00238   0.00000   0.00698   0.00881   0.00089   0.00472   0.00829   0.00018   0.00726   0.00947   0.00028   0.00438   0.00415   0.00000   0.00192   0.00196   0.00331   0.00110   0.00219   0.00000   0.00422   0.00027   0.00166   0.00607   0.00000   0.00440   0.00054   0.00498   0.00471   0.00111   0.00026   0.00000   0.00028   0.00000   0.00384   0.00280   0.00000   0.00331   0.00386   0.00249   0.00053   0.00805   0.00551   0.01834   0.00557   0.00553   0.00221   0.00028   0.00137   0.00056  12.49476   0.16144  
 80  0.0786  19467.750768  x:  0.01455   0.00702   0.00000   0.00238   0.00000   0.00697   0.00881   0.00089   0.00471   0.00829   0.00018   0.00726   0.00947   0.00028   0.00440   0.00415   0.00000   0.00192   0.00196   0.00331   0.00110   0.00220   0.00000   0.00422   0.00027   0.00166   0.00607   0.00000   0.00440   0.00053   0.00497   0.00471   0.00110   0.00027   0.00000   0.00028   0.00000   0.00385   0.00280   0.00000   0.00331   0.00387   0.00250   0.00053   0.00805   0.00552   0.01834   0.00556   0.00554   0.00221   0.00029   0.00137   0.00056  12.50766   0.16133  
 81  0.0123  19467.750391  x:  0.01454   0.00702   0.00000   0.00238   0.00000   0.00697   0.00880   0.00089   0.00471   0.00829   0.00018   0.00726   0.00948   0.00028   0.00440   0.00415   0.00000   0.00192   0.00196   0.00331   0.00110   0.00220   0.00000   0.00421   0.00027   0.00166   0.00607   0.00000   0.00440   0.00053   0.00497   0.00472   0.00110   0.00027   0.00000   0.00028   0.00000   0.00384   0.00280   0.00000   0.00331   0.00387   0.00250   0.00053   0.00804   0.00552   0.01835   0.00556   0.00554   0.00221   0.00029   0.00137   0.00055  12.50648   0.16125  
 82  0.0015  19467.750344  x:  0.01455   0.00702   0.00000   0.00238   0.00000   0.00697   0.00880   0.00089   0.00471   0.00829   0.00018   0.00726   0.00948   0.00028   0.00440   0.00415   0.00000   0.00192   0.00196   0.00331   0.00110   0.00220   0.00000   0.00421   0.00027   0.00166   0.00607   0.00000   0.00440   0.00053   0.00497   0.00472   0.00110   0.00027   0.00000   0.00028   0.00000   0.00384   0.00280   0.00000   0.00331   0.00387   0.00250   0.00053   0.00804   0.00552   0.01835   0.00556   0.00554   0.00221   0.00029   0.00137   0.00055  12.50214   0.16122  
 83  0.0084  19467.750334  x:  0.01455   0.00702   0.00000   0.00238   0.00000   0.00697   0.00880   0.00089   0.00471   0.00829   0.00018   0.00726   0.00948   0.00028   0.00440   0.00415   0.00000   0.00192   0.00196   0.00331   0.00110   0.00220   0.00000   0.00421   0.00027   0.00166   0.00607   0.00000   0.00440   0.00053   0.00497   0.00471   0.00110   0.00027   0.00000   0.00028   0.00000   0.00384   0.00280   0.00000   0.00331   0.00387   0.00250   0.00053   0.00804   0.00552   0.01835   0.00556   0.00554   0.00221   0.00029   0.00137   0.00055  12.49894   0.16121  
 84  0.0091  19467.750334  x:  0.01455   0.00702   0.00000   0.00238   0.00000   0.00697   0.00880   0.00089   0.00471   0.00829   0.00018   0.00726   0.00948   0.00028   0.00440   0.00415   0.00000   0.00192   0.00196   0.00331   0.00110   0.00220   0.00000   0.00421   0.00027   0.00166   0.00607   0.00000   0.00440   0.00053   0.00497   0.00471   0.00110   0.00027   0.00000   0.00028   0.00000   0.00384   0.00280   0.00000   0.00331   0.00387   0.00250   0.00053   0.00804   0.00552   0.01835   0.00556   0.00554   0.00221   0.00029   0.00137   0.00055  12.49892   0.16121  
 85  0.0074  19467.750334  x:  0.01455   0.00702   0.00000   0.00238   0.00000   0.00697   0.00880   0.00089   0.00471   0.00829   0.00018   0.00726   0.00948   0.00028   0.00440   0.00415   0.00000   0.00192   0.00196   0.00331   0.00110   0.00220   0.00000   0.00421   0.00027   0.00166   0.00607   0.00000   0.00440   0.00053   0.00497   0.00471   0.00110   0.00027   0.00000   0.00028   0.00000   0.00384   0.00280   0.00000   0.00331   0.00387   0.00250   0.00053   0.00804   0.00552   0.01835   0.00556   0.00554   0.00221   0.00029   0.00137   0.00055  12.49891   0.16121  
 86  0.0122  19467.750334  x:  0.01455   0.00702   0.00000   0.00238   0.00000   0.00697   0.00880   0.00089   0.00471   0.00829   0.00018   0.00726   0.00948   0.00028   0.00440   0.00415   0.00000   0.00192   0.00196   0.00331   0.00110   0.00220   0.00000   0.00421   0.00027   0.00166   0.00607   0.00000   0.00440   0.00053   0.00497   0.00471   0.00110   0.00027   0.00000   0.00028   0.00000   0.00384   0.00280   0.00000   0.00331   0.00387   0.00250   0.00053   0.00804   0.00552   0.01835   0.00556   0.00554   0.00221   0.00029   0.00137   0.00055  12.49891   0.16121  
 87  0.0008  19467.750334  x:  0.01455   0.00702   0.00000   0.00238   0.00000   0.00697   0.00880   0.00089   0.00471   0.00829   0.00018   0.00726   0.00948   0.00028   0.00440   0.00415   0.00000   0.00192   0.00196   0.00331   0.00110   0.00220   0.00000   0.00421   0.00027   0.00166   0.00607   0.00000   0.00440   0.00053   0.00497   0.00471   0.00110   0.00027   0.00000   0.00028   0.00000   0.00384   0.00280   0.00000   0.00331   0.00387   0.00250   0.00053   0.00804   0.00552   0.01835   0.00556   0.00554   0.00221   0.00029   0.00137   0.00055  12.49891   0.16121  
check convergence!
