0	1	1	3	3	2	7	6	8	7	7	7	6	6	6	19	19	22	21	25	25	24	24	31	31	30	29	28	28	27	27	26	25	45	44	43	50	49	48	47	47	46	46	45	44	43	42	41	41	40	39	39	38	38	38	37	37	37	37	36	36	36	36	36	36	36	36	36	36	36	36	35	35	35	34	34	34	34	33	33	33	33	33	33	33	33	33	33	33	33	33	33	33	33	33	33	33	27
1	1	1	3	3	2	7	6	8	7	7	7	6	6	6	19	19	22	21	25	25	24	24	31	31	30	29	28	28	27	27	26	25	45	44	43	49	48	47	46	46	45	45	57	56	55	54	53	53	52	51	51	50	49	49	48	47	47	46	45	45	45	45	45	45	45	45	45	45	44	44	43	43	43	42	42	42	42	41	41	40	40	40	40	40	40	40	40	40	40	40	40	40	40	40	40	40	122
2	1	1	3	3	2	7	6	8	7	7	7	6	6	6	19	19	22	21	25	25	24	24	31	31	30	29	28	28	27	27	26	25	45	44	43	49	48	47	46	46	45	45	57	56	55	54	53	53	52	51	51	50	49	49	48	47	47	46	45	45	45	45	45	45	45	45	45	45	44	44	43	43	43	42	42	42	42	41	41	40	40	40	40	40	40	40	40	40	40	40	40	40	40	40	40	40	124
3	1	1	3	3	2	7	6	8	7	7	7	6	6	6	19	19	22	21	25	25	24	24	31	31	30	29	28	28	27	27	26	25	45	44	43	48	47	46	45	45	44	44	44	43	42	41	40	40	62	61	60	59	58	58	57	56	55	54	53	53	53	53	53	53	83	82	81	80	79	78	77	76	75	74	73	72	71	70	70	69	69	68	68	67	66	66	66	66	66	66	66	65	65	65	65	65	125
4	1	1	3	3	2	7	6	8	7	7	7	6	6	6	19	19	22	21	25	25	24	24	31	31	30	29	28	28	27	27	26	25	45	44	43	48	47	46	45	45	44	44	44	43	42	41	40	40	63	62	61	60	59	59	58	57	56	55	54	54	54	54	54	54	53	53	53	53	52	51	50	50	50	49	49	49	49	48	48	47	47	46	46	46	46	46	46	46	46	46	46	46	46	46	46	46	37
5	1	1	3	3	2	7	6	8	7	7	7	6	6	6	19	19	22	21	25	25	24	24	31	31	30	29	28	28	27	27	26	25	46	45	44	43	42	41	40	40	39	39	39	39	38	37	37	37	37	36	36	35	35	35	35	35	35	35	34	34	34	34	34	34	34	34	34	34	34	34	33	33	33	33	33	33	33	32	32	32	32	32	32	32	32	32	32	32	32	32	32	32	32	32	32	32	26
6	1	1	3	3	2	7	6	8	7	7	7	6	6	6	19	19	22	21	25	25	24	24	31	31	30	29	28	28	27	27	26	25	45	44	43	48	47	46	45	45	44	44	44	43	42	41	40	40	62	61	60	59	58	58	57	56	55	54	53	53	53	53	53	53	82	81	80	79	78	77	76	75	74	73	72	71	70	69	69	68	68	67	67	66	65	65	65	65	65	65	65	64	64	64	64	64	49
7	1	1	3	3	2	7	6	8	7	7	7	6	6	6	19	19	22	21	25	25	24	24	31	31	30	29	28	28	27	27	26	25	45	44	43	48	47	46	45	45	44	44	44	43	42	41	40	40	62	61	60	59	58	58	57	56	55	54	53	53	53	53	53	53	83	82	81	80	79	78	77	76	75	74	73	72	71	70	70	69	69	68	68	67	66	66	66	66	66	66	66	65	65	65	65	65	126
8	1	1	3	3	2	7	6	8	7	7	7	6	6	6	19	19	22	21	25	25	24	24	31	31	30	29	28	28	27	27	26	25	45	44	43	49	48	47	46	46	45	45	57	56	55	54	53	53	52	51	51	50	49	49	48	47	47	46	45	45	45	45	45	45	45	45	45	45	44	44	43	43	43	42	42	42	42	41	41	40	40	40	40	40	40	40	40	40	40	40	40	40	40	40	40	40	123
9	1	1	3	3	2	7	6	8	7	7	7	6	6	6	19	19	22	21	25	25	24	24	32	33	32	31	30	30	29	29	28	27	26	26	26	26	26	25	25	25	24	24	24	24	23	22	22	22	22	22	22	22	22	22	22	22	22	22	21	21	21	21	21	21	21	21	21	21	21	21	20	20	20	20	20	20	20	19	19	19	19	19	19	19	19	19	19	19	19	19	19	19	19	19	19	19	14
10	1	1	3	3	2	7	6	8	7	7	7	6	6	6	19	19	22	21	25	25	24	24	32	32	31	30	29	29	28	28	27	26	25	25	25	25	25	24	24	24	23	23	23	23	22	21	21	21	21	21	21	21	21	21	21	21	21	21	20	20	20	20	20	20	20	20	20	20	20	20	19	19	19	19	19	19	19	96	95	94	93	92	91	90	89	88	87	87	87	87	87	86	86	85	84	84	63
11	1	1	3	3	2	7	6	8	7	7	7	6	6	6	19	19	22	21	25	25	24	24	32	32	31	30	29	29	28	28	27	26	25	25	25	25	25	24	24	24	23	23	23	23	22	21	21	21	21	21	21	21	21	21	21	21	21	21	20	20	20	20	20	20	20	20	20	20	20	20	19	19	19	19	19	19	19	97	96	95	94	93	92	91	90	89	88	88	88	88	88	87	87	86	85	85	64
12	1	1	3	3	2	7	6	8	7	7	7	6	6	6	19	19	22	21	25	25	24	24	31	31	30	29	28	28	27	27	26	25	45	44	43	49	48	47	46	46	45	45	56	55	54	53	52	52	51	50	50	49	48	48	47	73	72	71	70	69	68	68	67	67	66	83	82	81	80	79	78	77	76	75	74	73	72	71	97	96	95	94	93	92	91	90	89	89	89	89	89	88	88	87	86	86	111
13	1	1	3	3	2	7	6	8	7	7	7	6	6	6	19	19	22	21	25	25	24	24	31	31	30	29	28	28	27	27	26	25	45	44	43	49	48	47	46	46	45	45	56	55	54	53	52	52	51	50	50	49	48	48	47	73	72	71	70	69	68	68	67	67	66	83	82	81	80	79	78	77	76	75	74	73	72	71	98	97	96	95	94	93	92	91	90	90	107	106	105	104	103	102	101	101	115
14	1	1	3	3	2	7	6	8	7	7	7	6	6	6	19	19	22	21	25	25	24	24	31	31	30	29	28	28	27	27	26	25	45	44	43	49	48	47	46	46	45	45	56	55	54	53	52	52	51	50	50	49	48	48	47	73	72	71	70	69	68	68	67	67	66	83	82	81	80	79	78	77	76	75	74	73	72	71	98	97	96	95	94	93	92	91	90	90	107	106	105	104	103	102	101	101	114
15	1	1	3	3	2	7	6	8	7	7	7	6	6	6	19	19	22	21	25	25	24	24	31	31	30	29	28	28	27	27	26	25	45	44	43	49	48	47	46	46	45	45	56	55	54	53	52	52	51	50	50	49	48	48	47	73	72	71	70	69	68	68	67	67	66	83	82	81	80	79	78	77	76	75	74	73	72	71	98	97	96	95	94	93	92	91	90	90	107	106	105	104	103	102	101	101	116
16	1	1	3	3	2	7	6	8	7	7	7	6	6	6	19	19	22	21	25	25	24	24	31	31	30	29	28	28	27	27	26	25	45	44	43	49	48	47	46	46	45	45	56	55	54	53	52	52	51	50	50	49	48	48	47	73	72	71	70	69	68	68	67	67	66	83	82	81	80	79	78	77	76	75	74	73	72	71	98	97	96	95	94	93	92	91	90	90	107	106	105	104	103	102	101	101	117
17	1	1	3	3	2	7	6	8	7	7	7	6	6	6	19	19	22	21	25	25	24	24	31	31	30	29	28	28	27	27	26	25	45	44	43	49	48	47	46	46	45	45	56	55	54	53	52	52	51	50	50	49	48	48	47	73	72	71	70	69	68	68	67	67	66	83	82	81	80	79	78	77	76	75	74	73	72	71	98	97	96	95	94	93	92	91	90	90	107	106	105	104	103	102	101	101	119
18	1	1	3	3	2	7	6	8	7	7	7	6	6	6	19	19	22	21	25	25	24	24	31	31	30	29	28	28	27	27	26	25	45	44	43	49	48	47	46	46	45	45	56	55	54	53	52	52	51	50	50	49	48	48	47	73	72	71	70	69	68	68	67	67	66	83	82	81	80	79	78	77	76	75	74	73	72	71	98	97	96	95	94	93	92	91	90	90	108	107	106	105	104	103	102	102	120
19	1	1	3	3	2	7	6	8	7	7	7	6	6	6	19	19	22	21	25	25	24	24	31	31	30	29	28	28	27	27	26	25	45	44	43	49	48	47	46	46	45	45	56	55	54	53	52	52	51	50	50	49	48	48	47	74	73	72	71	70	69	69	68	68	67	66	65	65	64	63	62	62	62	61	60	60	60	59	59	58	58	57	57	56	56	56	56	56	56	56	56	56	56	56	56	56	41
20	1	1	3	3	2	7	6	8	7	7	7	6	6	6	19	19	22	21	25	25	24	24	31	31	30	29	28	28	27	27	26	25	45	44	43	49	48	47	46	46	45	45	56	55	54	53	52	52	51	50	50	49	48	48	47	73	72	71	70	69	68	68	67	67	66	83	82	81	80	79	78	77	76	75	74	73	72	71	98	97	96	95	94	93	92	91	90	90	108	107	106	105	104	103	102	102	121
21	1	1	3	3	2	7	6	8	7	7	7	6	6	6	19	19	22	21	25	25	24	24	31	31	30	29	28	28	27	27	26	25	45	44	43	49	48	47	46	46	45	45	56	55	54	53	52	52	51	50	50	49	48	48	47	73	72	71	70	69	68	68	67	67	66	83	82	81	80	79	78	77	76	75	74	73	72	71	98	97	96	95	94	93	92	91	90	90	107	106	105	104	103	102	101	101	118
22	1	1	3	3	2	7	6	8	7	7	7	6	6	6	19	19	22	21	25	25	24	24	31	31	30	29	28	28	27	27	26	25	45	44	43	49	48	47	46	46	45	45	56	55	54	53	52	52	51	50	50	49	48	48	47	73	72	71	70	69	68	68	67	67	66	84	83	82	81	80	79	78	77	76	75	74	73	72	71	70	70	69	69	68	67	67	67	67	67	67	67	66	66	66	66	66	50
23	1	1	3	3	2	7	6	8	7	7	7	6	6	6	19	19	22	21	25	25	24	24	31	31	30	29	28	28	27	27	26	25	45	44	43	49	48	47	46	46	45	45	56	55	54	53	52	52	51	50	50	49	48	48	47	73	72	71	70	69	68	68	67	67	66	83	82	81	80	79	78	77	76	75	74	73	72	71	98	97	96	95	94	93	92	91	90	90	107	106	105	104	103	102	101	101	113
24	1	1	3	3	2	7	6	8	7	7	7	6	6	6	19	19	22	21	25	25	24	24	31	31	30	29	28	28	27	27	26	25	45	44	43	49	48	47	46	46	45	45	56	55	54	53	52	52	51	50	50	49	48	48	47	73	72	71	70	69	68	68	67	67	66	83	82	81	80	79	78	77	76	75	74	73	72	71	97	96	95	94	93	92	91	90	89	89	89	89	89	88	88	87	86	86	112
25	1	1	3	3	2	7	6	8	7	7	7	6	6	6	19	19	22	21	26	27	26	26	25	25	25	24	24	24	23	23	22	21	21	21	21	21	21	20	20	20	19	19	19	19	58	57	56	56	55	54	53	52	51	51	50	49	49	48	47	47	47	47	47	47	47	47	47	47	46	46	45	45	45	44	44	44	44	43	43	42	42	101	100	99	98	97	96	96	95	95	94	93	93	92	91	91	141
26	1	1	3	3	2	7	6	8	7	7	7	6	6	6	19	19	22	21	26	27	26	26	25	25	25	24	24	24	23	23	22	21	21	21	21	21	21	20	20	20	19	19	19	19	59	58	57	57	56	55	54	53	52	52	51	50	50	49	48	48	48	48	48	48	48	48	48	48	47	47	46	46	46	45	45	45	45	44	44	43	43	42	42	42	42	42	42	42	42	42	42	42	42	42	42	42	35
27	1	1	3	3	2	7	6	8	7	7	7	6	6	6	19	19	22	21	26	27	26	26	25	25	25	24	24	24	23	23	22	21	21	21	21	21	21	20	20	20	19	19	19	19	58	57	56	56	55	54	53	52	51	51	50	49	49	48	47	47	47	47	47	47	47	47	47	47	46	46	45	45	45	44	44	44	44	43	43	42	42	101	100	99	98	97	96	96	95	95	94	93	93	92	91	91	142
28	1	1	3	3	2	7	6	8	7	7	7	6	6	6	19	19	22	21	26	27	26	26	25	25	25	24	24	24	23	23	22	21	21	21	21	21	21	20	20	20	19	19	19	19	58	57	56	56	55	54	53	52	51	51	50	49	49	48	47	47	47	47	47	47	47	47	47	47	46	46	45	45	45	44	44	44	44	43	43	42	42	100	99	98	97	96	95	95	94	94	93	92	92	91	90	90	140
29	1	1	3	3	2	7	6	8	7	7	7	6	6	6	19	19	22	21	26	27	26	26	25	25	25	24	24	24	23	23	22	21	21	21	21	21	21	20	20	20	19	19	19	19	58	57	56	56	55	54	53	52	51	51	50	49	49	48	47	47	47	47	47	47	47	47	47	47	46	46	45	45	45	44	44	44	44	43	43	42	42	100	99	98	97	96	95	95	94	94	93	92	92	91	90	90	139
30	1	1	3	3	2	7	6	8	7	7	7	6	6	6	19	19	22	21	26	29	28	28	27	27	26	25	25	25	24	24	23	22	22	22	22	22	22	21	21	21	20	20	20	20	19	19	19	19	19	19	19	19	19	19	19	19	19	19	18	18	18	18	18	18	18	18	18	18	18	18	18	18	18	18	18	18	18	18	18	18	18	18	18	18	18	18	18	18	18	18	18	18	18	18	18	18	13
31	1	1	3	3	2	7	6	8	7	7	7	6	6	6	19	19	22	21	26	28	27	27	26	26	33	32	31	31	30	42	41	40	39	38	47	46	45	44	43	43	42	42	42	57	56	55	54	54	53	52	67	66	65	65	64	63	62	61	60	60	78	78	77	82	81	80	79	78	77	76	75	74	73	72	71	70	69	68	68	67	67	66	66	65	64	64	64	64	64	64	64	63	63	63	63	63	48
32	1	1	3	3	2	7	6	8	7	7	7	6	6	6	19	19	22	21	26	28	27	27	26	26	33	32	31	31	30	42	41	40	39	38	47	46	45	44	43	43	42	42	42	57	56	55	54	54	53	52	67	66	65	65	64	63	62	61	60	60	78	78	77	81	80	79	78	77	76	75	74	73	72	71	70	69	68	67	67	66	66	65	65	64	103	102	101	100	99	108	107	106	105	104	103	103	129
33	1	1	3	4	3	2	8	7	6	6	6	5	5	5	5	5	5	5	5	5	5	5	5	5	5	5	5	5	5	5	4	4	4	4	4	4	4	4	4	4	4	4	4	4	4	4	4	4	4	4	4	4	4	4	4	4	4	4	4	4	4	4	4	4	4	4	4	4	4	4	4	4	4	4	4	4	4	4	4	4	4	4	4	4	4	4	4	4	4	4	4	4	4	4	4	4	3
34	1	1	3	4	3	2	7	6	5	5	5	4	4	4	4	4	4	4	4	4	4	4	4	4	4	4	4	4	4	4	3	3	3	3	3	3	3	3	3	3	3	3	3	3	3	3	3	3	3	3	3	3	3	3	3	3	3	3	3	3	3	3	3	3	3	3	3	3	3	3	3	3	3	3	3	3	3	3	3	3	3	3	3	3	3	3	3	3	3	3	3	3	3	3	3	3	169
35	1	1	3	4	3	2	7	6	5	5	5	4	4	4	4	4	4	4	4	4	4	4	4	4	4	4	4	4	4	4	3	3	3	3	3	3	3	3	3	3	3	3	3	3	3	3	3	3	3	3	3	3	3	3	3	3	3	3	3	3	3	3	3	3	3	3	3	3	3	3	3	3	3	3	3	3	3	3	3	3	3	3	3	3	3	3	3	3	3	3	3	3	3	3	3	3	170
36	1	1	3	3	2	7	6	8	7	7	7	6	6	6	19	19	22	21	26	28	27	27	26	26	33	32	31	31	30	42	41	40	39	38	47	46	45	44	43	43	42	42	42	57	56	55	54	54	53	52	67	66	65	65	64	63	62	61	60	60	79	80	79	78	77	76	75	74	73	72	71	71	70	69	68	67	66	65	65	64	64	63	63	62	62	62	62	62	62	62	62	61	61	61	61	61	46
37	1	1	3	3	2	7	6	8	7	7	7	6	6	6	19	19	22	21	26	28	27	27	26	26	33	32	31	31	30	42	41	40	39	38	47	46	45	44	43	43	42	42	42	57	56	55	54	54	53	52	67	66	65	65	64	63	62	61	60	60	79	79	78	77	76	75	74	73	72	71	70	70	69	68	67	66	65	64	64	63	63	62	62	61	61	61	61	61	61	61	61	60	60	60	60	60	45
38	1	1	3	3	2	6	5	5	4	4	4	12	11	11	10	10	10	9	9	9	9	9	9	9	9	8	8	8	8	8	7	7	7	7	7	7	7	6	6	6	6	6	6	6	6	6	6	6	6	6	6	6	6	6	6	6	6	6	6	6	6	6	6	6	6	6	6	6	6	6	6	6	6	6	6	6	6	6	6	6	6	6	6	6	6	6	6	6	6	6	6	6	6	6	6	6	109
39	1	1	3	3	2	6	5	5	4	4	4	14	13	13	12	12	12	11	11	11	11	11	11	11	11	10	10	10	10	10	9	8	8	8	8	8	8	7	7	7	7	7	7	7	7	7	7	7	7	7	7	7	7	7	7	7	7	7	7	7	7	7	7	7	7	7	7	7	7	7	7	7	7	7	7	7	7	7	7	7	7	7	7	7	7	7	7	7	7	7	7	7	7	7	7	7	5
40	1	1	3	3	2	6	5	5	4	4	4	13	12	12	11	11	11	10	10	10	10	10	10	10	10	9	9	9	9	9	8	45	44	43	42	42	41	40	39	39	38	38	38	38	37	36	36	36	36	35	35	69	68	68	67	66	65	64	63	63	62	62	62	62	61	61	60	60	59	58	57	57	57	56	55	55	55	54	54	53	53	52	52	52	52	52	52	52	52	52	52	52	52	52	52	52	39
41	1	1	3	3	2	6	5	5	4	4	4	13	12	12	11	11	11	10	10	10	10	10	10	10	10	9	9	9	9	9	8	45	44	43	42	42	41	40	39	39	38	38	38	38	37	36	36	36	36	35	35	68	67	67	66	65	64	63	62	62	61	61	61	61	60	60	59	59	58	57	56	56	56	55	54	54	54	53	53	52	52	51	51	51	51	51	51	51	51	51	51	51	51	51	51	51	107
42	1	1	3	3	2	6	5	5	4	4	4	13	12	12	11	11	11	10	10	10	10	10	10	10	10	9	9	9	9	9	8	44	43	42	41	41	40	39	38	38	37	37	37	37	36	35	35	35	35	34	34	34	34	34	34	34	34	34	33	33	33	33	33	33	33	33	33	33	33	33	32	32	32	32	32	32	32	31	31	31	31	31	31	31	31	31	31	31	31	31	31	31	31	31	31	31	25
43	1	1	3	3	2	6	5	5	4	4	4	13	12	12	11	11	11	10	10	10	10	10	10	10	10	9	9	9	9	9	8	45	44	43	42	42	41	40	39	39	38	38	38	38	37	36	36	36	36	35	35	68	67	67	66	65	64	63	62	62	61	61	61	61	60	60	59	59	58	57	56	56	56	55	54	54	54	53	53	52	52	51	51	51	51	51	51	51	51	51	51	51	51	51	51	51	108
44	1	1	3	3	2	6	5	5	4	4	4	12	11	11	10	10	10	9	9	9	9	9	9	9	9	8	8	8	8	8	7	7	7	7	7	7	7	6	6	6	6	6	6	6	6	6	6	6	6	6	6	6	6	6	6	6	6	6	6	6	6	6	6	6	6	6	6	6	6	6	6	6	6	6	6	6	6	6	6	6	6	6	6	6	6	6	6	6	6	6	6	6	6	6	6	6	110
45	1	1	3	3	2	7	6	8	7	7	7	6	6	6	19	19	22	21	26	28	27	27	26	26	33	32	31	31	30	42	41	40	39	38	47	46	45	44	43	43	42	42	42	57	56	55	54	54	53	52	67	66	65	65	64	63	62	61	60	60	78	78	77	81	80	79	78	77	76	75	74	73	72	71	70	69	68	67	67	66	66	65	65	64	103	102	101	100	99	109	108	107	106	105	104	104	132
46	1	1	3	3	2	7	6	8	7	7	7	6	6	6	19	19	22	21	26	28	27	27	26	26	33	32	31	31	30	42	41	40	39	38	47	46	45	44	43	43	42	42	42	57	56	55	54	54	53	52	67	66	65	65	64	63	62	61	60	60	78	78	77	81	80	79	78	77	76	75	74	73	72	71	70	69	68	67	67	66	66	65	65	64	103	102	101	100	99	109	108	107	106	105	104	104	131
47	1	1	3	3	2	7	6	8	7	7	7	6	6	6	19	19	22	21	26	28	27	27	26	26	33	32	31	31	30	42	41	40	39	38	47	46	45	44	43	43	42	42	42	57	56	55	54	54	53	52	67	66	65	65	64	63	62	61	60	60	78	78	77	81	80	79	78	77	76	75	74	73	72	71	70	69	68	67	67	66	66	65	65	64	103	102	101	100	99	108	107	106	105	104	103	103	128
48	1	1	3	3	2	7	6	8	7	7	7	6	6	6	19	19	22	21	26	28	27	27	26	26	33	32	31	31	30	42	41	40	39	38	47	46	45	44	43	43	42	42	42	57	56	55	54	54	53	52	67	66	65	65	64	63	62	61	60	60	78	78	77	81	80	79	78	77	76	75	74	73	72	71	70	69	68	67	67	66	66	65	65	64	103	102	101	100	99	108	107	106	105	104	103	103	130
49	1	1	3	3	2	7	6	8	7	7	7	6	6	6	19	19	22	21	26	28	27	27	26	26	34	33	32	32	31	30	29	28	27	27	27	27	27	26	26	26	25	25	25	25	24	23	23	23	23	23	23	23	23	23	23	23	23	23	22	22	22	22	22	22	22	22	22	22	22	22	21	21	21	21	21	21	21	20	20	20	20	20	20	20	20	20	20	20	20	20	20	20	20	20	20	20	15
50	1	1	3	3	2	7	6	8	7	7	7	6	6	6	19	19	22	21	26	28	27	27	26	26	33	32	31	31	30	42	41	40	39	38	47	46	45	44	43	43	42	42	42	57	56	55	54	54	53	52	67	66	65	65	64	63	62	61	60	60	78	78	77	81	80	79	78	77	76	75	74	73	72	71	70	69	68	67	67	66	66	65	65	64	103	102	101	100	99	108	107	106	105	104	103	103	127
51	1	1	3	3	2	7	6	8	7	7	7	6	6	6	19	19	22	21	26	28	27	27	26	26	33	32	31	31	30	42	41	40	39	38	48	47	46	45	44	44	43	43	43	42	41	40	39	39	39	38	38	37	37	37	72	71	70	69	68	77	76	76	75	75	74	73	72	71	70	69	68	68	67	66	65	93	92	91	90	89	88	87	86	85	84	83	82	82	82	82	82	81	81	80	79	79	59
52	1	1	3	3	2	7	6	8	7	7	7	6	6	6	19	19	22	21	26	28	27	27	26	26	33	32	31	31	30	42	41	40	39	38	48	47	46	45	44	44	43	43	43	42	41	40	39	39	39	38	38	37	37	37	73	72	71	70	69	68	67	67	66	66	65	65	64	64	63	62	61	61	61	60	59	59	59	58	58	57	57	56	56	55	55	55	55	55	55	55	55	55	55	55	55	55	40
53	1	1	3	3	2	7	6	8	7	7	7	6	6	6	19	19	22	21	26	28	27	27	26	26	33	32	31	31	30	42	41	40	39	38	48	47	46	45	44	44	43	43	43	42	41	40	39	39	39	38	38	37	37	37	72	71	70	69	68	77	76	76	75	75	74	73	72	71	70	69	68	68	67	66	65	95	94	93	92	91	90	89	88	87	86	85	84	84	84	84	84	83	83	82	81	81	61
54	1	1	3	3	2	7	6	8	7	7	7	6	6	6	19	19	22	21	26	28	27	27	26	26	33	32	31	31	30	42	41	40	39	38	48	47	46	45	44	44	43	43	43	42	41	40	39	39	39	38	38	37	37	37	72	71	70	69	68	78	77	77	76	76	75	74	73	72	71	70	69	69	68	67	66	65	64	63	63	62	62	61	61	60	60	60	60	60	60	60	60	59	59	59	59	59	44
55	1	1	3	3	2	7	6	8	7	7	7	6	6	6	19	19	22	21	26	28	27	27	26	26	33	32	31	31	30	42	41	40	39	38	48	47	46	45	44	44	43	43	43	42	41	40	39	39	39	38	38	37	37	37	72	71	70	69	68	77	76	76	75	75	74	73	72	71	70	69	68	68	67	66	65	94	93	92	91	90	89	88	87	86	85	84	83	83	83	83	83	82	82	81	80	80	60
56	1	1	3	3	2	7	6	8	7	7	7	6	6	6	19	19	22	21	26	28	27	27	26	26	33	32	31	31	30	42	41	40	39	38	47	46	45	44	43	43	42	42	42	57	56	55	54	54	53	52	67	66	65	65	64	63	62	61	60	60	78	78	77	81	80	79	78	77	76	75	74	73	72	71	70	69	68	67	67	66	66	65	65	64	104	103	102	101	100	99	98	97	97	96	95	95	69
57	1	1	3	3	2	7	6	8	7	7	7	6	6	6	19	19	22	21	26	28	27	27	26	26	33	32	31	31	30	43	42	41	40	39	38	38	37	36	36	36	35	35	35	35	34	33	33	33	33	32	32	32	32	32	32	32	32	32	31	31	31	31	31	31	31	31	31	31	31	31	30	30	30	30	30	30	30	29	29	29	29	29	29	29	29	29	29	29	29	29	29	29	29	29	29	29	23
58	1	1	3	3	2	7	6	8	7	7	7	6	6	6	19	19	22	21	26	28	27	27	26	26	33	32	31	31	30	42	41	40	39	38	47	46	45	44	43	43	42	42	42	57	56	55	54	54	53	52	68	67	66	66	65	64	63	62	61	61	60	60	60	60	59	59	84	83	82	81	80	79	78	77	76	75	74	73	72	71	71	70	70	69	68	68	68	68	68	68	68	67	67	67	67	67	135
59	1	1	3	3	2	7	6	8	7	7	7	6	6	6	19	19	22	21	26	28	27	27	26	26	33	32	31	31	30	42	41	40	39	38	47	46	45	44	43	43	42	42	42	57	56	55	54	54	53	52	68	67	66	66	65	64	63	62	61	61	60	60	60	60	59	59	84	83	82	81	80	79	78	77	76	75	74	73	72	71	71	70	70	69	68	68	68	68	68	68	68	67	67	67	67	67	136
60	1	1	3	3	2	7	6	8	7	7	7	6	6	6	19	19	22	21	26	28	27	27	26	26	33	32	31	31	30	42	41	40	39	38	47	46	45	44	43	43	42	42	42	57	56	55	54	54	53	52	68	67	66	66	65	64	63	62	61	61	60	60	60	60	59	59	84	83	82	81	80	79	78	77	76	75	74	73	72	71	71	70	70	69	68	68	68	68	68	68	68	67	67	67	67	67	134
61	1	1	3	3	2	7	6	8	7	7	7	6	6	6	19	19	22	21	26	28	27	27	26	26	33	32	31	31	30	42	41	40	39	38	47	46	45	44	43	43	42	42	42	57	56	55	54	54	53	52	68	67	66	66	65	64	63	62	61	61	60	60	60	60	59	59	85	84	83	82	81	80	79	78	77	76	75	74	73	72	72	71	71	70	69	104	103	102	101	100	99	98	112	111	110	110	76
62	1	1	3	3	2	7	6	8	7	7	7	6	6	6	19	19	22	21	26	28	27	27	26	26	33	32	31	31	30	42	41	40	39	38	47	46	45	44	43	43	42	42	42	57	56	55	54	54	53	52	68	67	66	66	65	64	63	62	61	61	60	60	60	60	59	59	85	84	83	82	81	80	79	78	77	76	75	74	73	72	72	71	71	70	69	104	103	102	101	100	99	98	111	110	109	109	137
63	1	1	3	3	2	7	6	8	7	7	7	6	6	6	19	19	22	21	26	28	27	27	26	26	33	32	31	31	30	42	41	40	39	38	47	46	45	44	43	43	42	42	42	57	56	55	54	54	53	52	68	67	66	66	65	64	63	62	61	61	60	60	60	60	59	59	85	84	83	82	81	80	79	78	77	76	75	74	73	72	72	71	71	70	69	104	103	102	101	100	99	98	111	110	109	109	138
64	1	1	3	3	2	7	6	8	7	7	7	6	6	6	19	19	22	21	26	28	27	27	26	26	33	32	31	31	30	42	41	40	39	38	47	46	45	44	43	43	42	42	42	58	57	56	55	55	54	53	52	51	50	50	49	48	48	47	46	46	46	46	46	46	46	46	46	46	45	45	44	44	44	43	43	43	43	42	42	41	41	41	41	41	41	41	41	41	41	41	41	41	41	41	41	41	34
65	1	1	3	3	2	7	6	8	7	7	7	6	6	6	19	19	22	21	26	28	27	27	26	26	33	32	31	31	30	42	41	40	39	38	47	46	45	44	43	43	42	42	42	57	56	55	54	54	53	52	68	67	66	66	65	64	63	62	61	61	60	60	60	60	59	59	85	84	83	82	81	80	79	78	77	76	75	74	73	72	72	71	71	70	69	105	104	103	102	101	100	99	98	97	96	96	70
66	1	1	3	3	2	7	6	8	7	7	7	6	6	6	19	19	22	21	26	28	27	27	26	26	33	32	31	31	30	42	41	40	39	38	47	46	45	44	43	43	42	42	42	57	56	55	54	54	53	52	68	67	66	66	65	64	63	62	61	61	60	60	60	60	59	59	84	83	82	81	80	79	78	77	76	75	74	73	72	71	71	70	70	69	68	68	68	68	68	68	68	67	67	67	67	67	133
67	1	1	3	3	2	7	6	8	7	7	7	6	6	6	19	19	22	21	26	26	25	25	24	24	24	23	23	23	41	40	39	38	37	46	45	44	43	42	41	41	40	40	40	40	39	38	61	60	59	58	57	56	55	55	54	53	75	74	73	72	71	71	70	70	69	68	67	67	66	65	64	64	90	89	88	87	86	85	84	83	82	81	81	80	79	78	78	78	78	78	78	77	77	77	76	76	57
68	1	1	3	3	2	7	6	8	7	7	7	6	6	6	19	19	22	21	26	26	25	25	24	24	24	23	23	23	41	40	39	38	37	46	45	44	43	42	41	41	40	40	40	40	39	38	61	60	59	58	57	56	55	55	54	53	74	73	72	71	70	70	69	69	68	67	66	66	65	64	63	63	63	62	61	61	61	60	60	59	59	58	58	57	57	57	57	57	57	57	57	57	57	57	57	57	42
69	1	1	3	3	2	7	6	8	7	7	7	6	6	6	19	19	22	21	26	26	25	25	24	24	24	23	23	23	41	40	39	38	37	46	45	44	43	42	41	41	40	40	40	40	39	38	61	60	59	58	57	56	55	55	54	53	75	74	73	72	71	71	70	70	69	68	67	67	66	65	64	64	91	90	89	88	87	86	85	84	83	82	82	81	80	79	105	104	103	102	101	100	99	98	97	97	71
70	1	1	3	3	2	7	6	8	7	7	7	6	6	6	19	19	22	21	26	26	25	25	24	24	24	23	23	23	41	40	39	38	37	46	45	44	43	42	41	41	40	40	40	40	39	38	61	60	59	58	57	56	55	55	54	53	75	74	73	72	71	71	70	70	69	68	67	67	66	65	64	64	91	90	89	88	87	86	85	84	83	82	82	81	80	79	106	105	104	103	102	101	100	99	98	98	72
71	1	1	3	3	2	7	6	8	7	7	7	6	6	6	21	20	19	18	18	18	17	17	17	17	17	16	16	16	16	16	15	14	14	14	14	14	14	13	13	13	12	12	12	12	12	12	12	12	12	12	12	12	12	12	12	12	12	12	77	76	75	75	74	74	73	72	71	85	84	83	82	81	80	79	78	77	76	75	74	73	73	72	72	71	70	69	69	69	69	69	69	68	68	68	68	68	51
72	1	1	3	3	2	7	6	8	7	7	7	6	6	6	21	20	19	18	18	18	17	17	17	17	17	16	16	16	16	16	15	14	14	14	14	14	14	13	13	13	12	12	12	12	12	12	12	12	12	12	12	12	12	12	12	12	12	12	76	75	74	74	73	73	72	71	70	70	69	68	67	67	66	65	64	64	63	62	62	61	61	60	60	59	59	59	59	59	59	59	59	110	109	108	107	107	154
73	1	1	3	3	2	7	6	8	7	7	7	6	6	6	21	20	19	18	18	18	17	17	17	17	17	16	16	16	16	16	15	14	14	14	14	14	14	13	13	13	12	12	12	12	12	12	12	12	12	12	12	12	12	12	12	12	12	12	76	75	74	74	73	73	72	71	70	70	69	68	67	67	66	65	64	64	63	62	62	61	61	60	60	59	59	59	59	59	59	59	59	111	110	109	108	108	75
74	1	1	3	3	2	7	6	8	7	7	7	6	6	6	21	20	19	18	18	18	17	17	17	17	17	16	16	16	16	16	15	14	14	14	14	14	14	13	13	13	12	12	12	12	12	12	12	12	12	12	12	12	12	12	12	12	12	12	76	75	74	74	73	73	72	71	70	70	69	68	67	67	66	65	64	64	63	62	62	61	61	60	60	59	59	59	59	59	59	59	59	110	109	108	107	107	155
75	1	1	3	3	2	7	6	8	7	7	7	6	6	6	21	20	19	18	18	18	17	17	17	17	17	16	16	16	16	16	15	14	14	14	14	14	14	13	13	13	12	12	12	12	12	12	12	12	12	12	12	12	12	12	12	12	12	12	77	76	75	75	74	74	73	72	71	86	85	84	83	82	81	80	79	78	77	76	75	74	74	73	73	72	71	70	70	70	70	70	70	69	69	69	114	114	79
76	1	1	3	3	2	7	6	8	7	7	7	6	6	6	21	20	19	18	18	18	17	17	17	17	17	16	16	16	16	16	15	14	14	14	14	14	14	13	13	13	12	12	12	12	12	12	12	12	12	12	12	12	12	12	12	12	12	12	77	76	75	75	74	74	73	72	71	86	85	84	83	82	81	80	79	78	77	76	75	74	74	73	73	72	71	70	70	70	70	70	70	69	69	69	114	115	80
77	1	1	3	3	2	7	6	8	7	7	7	6	6	6	21	20	19	18	18	18	17	17	17	17	17	16	16	16	16	16	15	14	14	14	14	14	14	13	13	13	12	12	12	12	12	12	12	12	12	12	12	12	12	12	12	12	12	12	77	76	75	75	74	74	73	72	71	86	85	84	83	82	81	80	79	78	77	76	75	74	74	73	73	72	71	70	70	70	70	70	70	69	69	69	113	113	78
78	1	1	3	3	2	7	6	8	7	7	7	6	6	6	20	22	21	20	20	20	19	19	19	19	19	18	18	18	18	18	17	16	16	16	16	16	16	15	15	15	14	14	14	14	14	14	14	14	14	14	14	14	14	14	14	14	14	14	13	13	13	13	13	13	13	13	13	13	13	13	13	13	13	13	13	13	13	13	13	13	13	13	13	13	13	13	13	13	13	13	13	13	13	13	13	13	9
79	1	1	3	3	2	7	6	8	7	7	7	6	6	6	20	21	20	19	19	19	18	18	18	18	18	17	17	17	17	17	16	15	15	15	15	15	15	14	14	14	13	13	13	13	13	13	13	13	13	13	13	13	13	13	13	13	13	13	12	12	12	12	12	12	12	12	12	12	12	12	12	12	12	12	12	12	12	12	12	12	12	12	12	12	12	12	12	12	12	12	12	12	12	12	12	12	152
80	1	1	3	3	2	7	6	8	7	7	7	6	6	6	18	18	18	17	17	17	16	16	16	16	16	15	15	15	15	15	14	13	13	13	13	13	13	12	12	12	11	11	11	11	11	11	11	11	11	11	11	11	11	11	11	11	11	11	11	11	11	11	11	11	11	11	11	11	11	11	11	11	11	11	11	11	11	11	11	11	11	11	11	11	11	11	11	11	11	11	11	11	11	11	11	11	8
81	1	1	3	3	2	7	6	8	7	7	7	6	6	6	20	21	20	19	19	19	18	18	18	18	18	17	17	17	17	17	16	15	15	15	15	15	15	14	14	14	13	13	13	13	13	13	13	13	13	13	13	13	13	13	13	13	13	13	12	12	12	12	12	12	12	12	12	12	12	12	12	12	12	12	12	12	12	12	12	12	12	12	12	12	12	12	12	12	12	12	12	12	12	12	12	12	153
82	1	1	3	3	2	7	6	8	7	7	7	6	6	6	19	19	22	21	26	26	25	25	24	24	24	23	23	23	42	41	40	39	38	37	37	37	36	35	35	35	34	34	34	34	33	32	32	32	32	31	31	31	31	31	31	31	31	31	30	30	30	30	30	30	30	30	30	30	30	30	29	29	29	29	29	29	29	28	28	28	28	28	28	28	28	28	28	28	28	28	28	28	28	28	28	28	22
83	1	1	3	3	2	7	6	8	7	7	7	6	6	6	19	19	22	21	26	26	25	25	24	24	24	23	23	23	41	40	39	38	37	46	45	44	43	42	41	41	40	40	40	40	39	38	60	61	60	59	58	57	56	56	55	54	53	52	51	51	51	51	51	51	51	51	51	51	50	49	48	48	48	47	47	47	47	46	46	45	45	44	44	44	44	44	44	44	44	44	44	44	44	44	44	44	144
84	1	1	3	3	2	5	4	4	3	3	3	3	3	3	3	3	3	3	3	3	3	3	3	3	3	3	3	3	3	3	43	42	41	40	39	39	38	37	53	52	51	50	49	48	47	46	45	45	44	43	43	42	42	42	41	41	41	75	74	73	72	72	71	71	70	69	68	68	67	66	65	65	64	63	62	62	96	95	94	93	92	91	90	89	88	87	86	86	86	86	86	85	85	84	83	83	62
85	1	1	3	3	2	5	4	4	3	3	3	3	3	3	3	3	3	3	3	3	3	3	3	3	3	3	3	3	3	3	43	42	41	40	39	39	38	37	53	52	51	50	49	48	47	46	45	45	44	43	43	42	42	42	41	41	41	76	75	74	73	73	72	72	71	70	69	69	68	67	66	66	65	64	63	63	62	61	61	60	60	59	59	58	58	58	58	58	58	58	58	58	58	58	58	58	43
86	1	1	3	3	2	5	4	4	3	3	3	3	3	3	3	3	3	3	3	3	3	3	3	3	3	3	3	3	3	3	44	43	42	41	40	40	39	38	37	37	36	36	36	36	35	34	34	34	34	33	33	33	33	33	33	33	33	33	32	32	32	32	32	32	32	32	32	32	32	32	31	31	31	31	31	31	31	30	30	30	30	30	30	30	30	30	30	30	30	30	30	30	30	30	30	30	24
87	1	1	3	3	2	5	4	4	3	3	3	3	3	3	3	3	3	3	3	3	3	3	3	3	3	3	3	3	3	3	43	42	41	40	39	39	38	37	53	52	51	50	49	48	47	46	45	45	44	43	43	42	42	42	41	41	41	75	74	73	72	72	71	71	70	69	68	68	67	66	65	65	64	63	62	62	95	94	93	92	91	90	89	88	87	86	85	85	85	85	85	84	84	83	82	82	167
88	1	1	3	3	2	5	4	4	3	3	3	3	3	3	3	3	3	3	3	3	3	3	3	3	3	3	3	3	3	3	43	42	41	40	39	39	38	37	53	52	51	50	49	48	47	46	45	45	44	43	43	42	42	42	41	41	41	75	74	73	72	72	71	71	70	69	68	68	67	66	65	65	64	63	62	62	95	94	93	92	91	90	89	88	87	86	85	85	85	85	85	84	84	83	82	82	168
89	1	1	3	3	2	5	4	4	3	3	3	3	3	3	3	3	3	3	3	3	3	3	3	3	3	3	3	3	3	3	43	42	41	40	39	39	38	37	52	53	52	51	50	49	48	47	46	46	45	44	44	43	43	43	42	42	42	41	40	40	40	40	40	40	40	40	40	40	39	39	38	38	38	37	37	37	37	36	36	98	97	96	95	94	93	92	91	91	90	90	90	89	89	88	87	87	165
90	1	1	3	3	2	5	4	4	3	3	3	3	3	3	3	3	3	3	3	3	3	3	3	3	3	3	3	3	3	3	43	42	41	40	39	39	38	37	52	53	52	51	50	49	48	47	46	46	45	44	44	43	43	43	42	42	42	41	40	40	40	40	40	40	40	40	40	40	39	39	38	38	38	37	37	37	37	36	36	98	97	96	95	94	93	92	91	91	90	90	90	89	89	88	87	87	166
91	1	1	3	3	2	5	4	4	3	3	3	3	3	3	3	3	3	3	3	3	3	3	3	3	3	3	3	3	3	3	43	42	41	40	39	39	38	37	52	54	53	52	51	50	49	48	47	47	46	45	45	44	44	44	43	43	43	42	41	41	41	41	41	41	41	41	41	41	40	40	39	39	39	38	38	38	38	37	37	36	36	36	36	36	36	36	36	36	36	36	36	36	36	36	36	36	30
92	1	1	3	3	2	5	4	4	3	3	3	3	3	3	3	3	3	3	3	3	3	3	3	3	3	3	3	3	3	3	43	42	41	40	39	39	38	37	52	53	52	51	50	49	48	47	46	46	45	44	44	43	43	43	42	42	42	41	40	40	40	40	40	40	40	40	40	40	39	39	38	38	38	37	37	37	37	36	36	99	98	97	96	95	94	93	92	92	91	91	91	90	90	89	88	88	65
93	1	1	3	3	2	7	6	9	8	8	8	7	7	7	6	6	6	6	6	6	6	6	6	6	6	35	34	40	39	38	37	36	35	35	35	35	34	33	33	33	32	32	32	32	31	30	30	30	30	64	63	62	61	61	60	59	58	57	56	56	56	56	56	56	55	55	55	55	54	53	52	52	52	51	51	51	51	50	50	49	49	48	48	48	48	48	48	48	48	48	48	48	48	48	48	48	156
94	1	1	3	3	2	7	6	9	8	8	8	7	7	7	6	6	6	6	6	6	6	6	6	6	6	35	34	40	39	38	37	36	35	35	35	35	34	33	33	33	32	32	32	32	31	30	30	30	30	64	63	62	61	61	60	59	58	57	56	56	56	56	56	56	55	55	55	55	54	53	52	52	52	51	51	51	51	50	50	49	49	48	48	48	48	48	48	48	48	48	48	48	48	48	48	48	161
95	1	1	3	3	2	7	6	9	8	8	8	7	7	7	6	6	6	6	6	6	6	6	6	6	6	35	34	40	39	38	37	36	35	35	35	35	34	33	33	33	32	32	32	32	31	30	30	30	30	64	63	62	61	61	60	59	58	57	56	56	56	56	56	56	55	55	55	55	54	53	52	52	52	51	51	51	51	50	50	49	49	48	48	48	48	48	48	48	48	48	48	48	48	48	48	48	162
96	1	1	3	3	2	7	6	9	8	8	8	7	7	7	6	6	6	6	6	6	6	6	6	6	6	35	34	40	39	38	37	36	35	35	35	35	34	33	33	33	32	32	32	32	31	30	30	30	30	63	62	61	60	60	59	58	57	56	55	55	55	55	55	55	54	54	54	54	53	52	51	51	51	50	50	50	50	49	49	48	48	47	47	47	47	47	47	47	47	47	47	47	47	47	47	47	164
97	1	1	3	3	2	7	6	9	8	8	8	7	7	7	6	6	6	6	6	6	6	6	6	6	6	35	34	38	37	36	35	34	33	33	33	33	32	31	31	31	30	30	30	30	29	28	28	28	28	28	28	28	28	28	28	28	28	28	27	27	27	27	27	27	27	27	27	27	27	27	26	26	26	26	26	26	26	25	25	25	25	25	25	25	25	25	25	25	25	25	25	25	25	25	25	25	19
98	1	1	3	3	2	7	6	9	8	8	8	7	7	7	6	6	6	6	6	6	6	6	6	6	6	35	34	39	38	37	36	35	34	34	34	34	33	32	32	32	31	31	31	31	30	29	29	29	29	29	29	29	29	29	29	29	29	29	28	28	28	28	28	28	28	28	28	28	28	28	27	27	27	27	27	27	27	26	26	26	26	26	26	26	26	26	26	26	26	26	26	26	26	26	26	26	20
99	1	1	3	3	2	7	6	9	8	8	8	7	7	7	6	6	6	6	6	6	6	6	6	6	6	35	34	41	40	39	38	37	36	36	36	36	35	34	34	34	33	33	33	33	32	31	31	31	31	30	30	30	30	30	30	30	30	30	29	29	29	29	29	29	29	29	29	29	29	29	28	28	28	28	28	28	28	27	27	27	27	27	27	27	27	27	27	27	27	27	27	27	27	27	27	27	21
100	1	1	3	3	2	7	6	9	8	8	8	7	7	7	6	6	6	6	6	6	6	6	6	6	6	35	34	40	39	38	37	36	35	35	35	35	34	33	33	33	32	32	32	32	31	30	30	30	30	63	62	61	60	60	59	58	57	56	55	55	55	55	55	55	54	54	54	54	53	52	51	51	51	50	50	50	50	49	49	48	48	47	47	47	47	47	47	47	47	47	47	47	47	47	47	47	163
101	1	1	3	3	2	7	6	9	8	8	8	7	7	7	6	6	6	6	6	6	6	6	6	6	6	35	34	40	39	38	37	36	35	35	35	35	34	33	33	33	32	32	32	32	31	30	30	30	30	66	65	64	63	63	62	61	60	59	58	58	58	58	58	58	57	57	57	57	56	55	54	54	54	53	52	52	52	51	51	50	50	49	49	49	49	49	49	49	49	49	49	49	49	49	49	49	159
102	1	1	3	3	2	7	6	9	8	8	8	7	7	7	6	6	6	6	6	6	6	6	6	6	6	35	34	40	39	38	37	36	35	35	35	35	34	33	33	33	32	32	32	32	31	30	30	30	30	67	66	65	64	64	63	62	61	60	59	59	59	59	59	59	58	58	58	58	57	56	55	55	55	54	53	53	53	52	52	51	51	50	50	50	50	50	50	50	50	50	50	50	50	50	50	50	38
103	1	1	3	3	2	7	6	9	8	8	8	7	7	7	6	6	6	6	6	6	6	6	6	6	6	35	34	40	39	38	37	36	35	35	35	35	34	33	33	33	32	32	32	32	31	30	30	30	30	66	65	64	63	63	62	61	60	59	58	58	58	58	58	58	57	57	57	57	56	55	54	54	54	53	52	52	52	51	51	50	50	49	49	49	49	49	49	49	49	49	49	49	49	49	49	49	160
104	1	1	3	3	2	7	6	9	8	8	8	7	7	7	6	6	6	6	6	6	6	6	6	6	6	35	34	40	39	38	37	36	35	35	35	35	34	33	33	33	32	32	32	32	31	30	30	30	30	65	64	63	62	62	61	60	59	58	57	57	57	57	57	57	56	56	56	56	55	54	53	53	53	52	92	91	90	89	88	87	86	85	84	83	82	81	80	80	80	80	80	79	79	113	112	112	77
105	1	1	3	3	2	7	6	9	8	8	8	7	7	7	6	6	6	6	6	6	6	6	6	6	6	35	34	40	39	38	37	36	35	35	35	35	34	33	33	33	32	32	32	32	31	30	30	30	30	65	64	63	62	62	61	60	59	58	57	57	57	57	57	57	56	56	56	56	55	54	53	53	53	52	92	91	90	89	88	87	86	85	84	83	82	81	80	80	80	80	80	79	79	112	111	111	158
106	1	1	3	3	2	7	6	9	8	8	8	7	7	7	6	6	6	6	6	6	6	6	6	6	6	34	33	33	32	31	30	29	28	28	28	28	28	27	27	27	26	26	26	26	25	24	24	24	24	24	24	24	24	24	24	24	24	24	23	23	23	23	23	23	23	23	23	23	23	23	22	22	22	22	22	22	22	21	21	21	21	21	21	21	21	21	21	21	21	21	21	21	21	21	21	21	16
107	1	1	3	3	2	7	6	9	8	8	8	7	7	7	6	6	6	6	6	6	6	6	6	6	6	36	35	34	33	32	31	30	29	29	29	29	29	28	28	28	27	27	27	27	26	25	25	25	25	25	25	25	25	25	25	25	25	25	24	24	24	24	24	24	24	24	24	24	24	24	23	23	23	23	23	23	23	22	22	22	22	22	22	22	22	22	22	22	22	22	22	22	22	22	22	22	17
108	1	1	3	3	2	7	6	9	8	8	8	7	7	7	6	6	6	6	6	6	6	6	6	6	6	37	36	35	34	33	32	31	30	30	30	30	30	29	29	29	28	28	28	28	27	26	26	26	26	26	26	26	26	26	26	26	26	26	25	25	25	25	25	25	25	25	25	25	25	25	24	24	24	24	24	24	24	23	23	23	23	23	23	23	23	23	23	23	23	23	23	23	23	23	23	23	18
109	1	1	3	3	2	7	6	9	8	8	8	7	7	7	6	6	6	6	6	6	6	6	6	6	6	35	34	40	39	38	37	36	35	35	35	35	34	33	33	33	32	32	32	32	31	30	30	30	30	65	64	63	62	62	61	60	59	58	57	57	57	57	57	57	56	56	56	56	55	54	53	53	53	52	92	91	90	89	88	87	86	85	84	83	82	81	80	80	80	80	80	79	79	112	111	111	157
110	1	1	2	2	1	1	1	1	1	1	1	1	1	1	1	1	1	1	1	1	1	1	1	1	1	1	1	1	1	1	1	1	1	1	1	1	1	1	1	1	1	1	1	1	1	1	1	1	1	1	1	1	1	1	1	1	1	1	1	1	1	1	1	1	1	1	1	1	1	1	1	1	1	1	1	1	1	1	1	1	1	1	1	1	1	1	1	1	1	1	1	1	1	1	1	1	1
111	1	1	3	3	2	7	6	9	8	8	8	7	7	7	6	6	6	6	6	6	6	6	6	6	6	35	34	40	39	38	37	36	35	35	35	35	34	33	33	33	32	32	32	32	31	30	30	30	30	65	64	63	62	62	61	60	59	58	57	57	57	57	57	57	56	56	56	56	55	54	53	53	53	52	93	92	91	90	89	88	87	86	85	84	83	82	81	81	81	81	81	80	80	79	78	78	58
112	1	1	3	3	2	7	6	8	7	7	7	6	6	6	19	19	23	22	21	21	20	20	20	20	20	19	19	19	19	19	18	17	17	17	17	17	17	16	16	16	15	15	15	15	15	15	15	15	15	15	15	15	15	15	15	15	15	15	14	14	14	14	14	14	14	14	14	14	14	14	14	14	14	14	14	14	14	14	14	14	14	14	14	14	14	14	14	14	14	14	14	14	14	14	14	14	10
113	1	1	3	3	2	7	6	8	7	7	7	6	6	6	19	19	22	21	26	26	25	25	24	24	24	23	23	23	41	40	39	38	37	46	45	44	43	42	41	41	40	40	40	40	39	38	60	61	60	59	58	57	56	56	55	54	53	52	51	51	51	51	51	51	51	51	51	51	50	49	48	48	48	47	47	47	47	46	46	45	45	44	44	44	44	44	44	44	44	44	44	44	44	44	44	44	145
114	1	1	3	3	2	7	6	8	7	7	7	6	6	6	19	19	22	21	26	26	25	25	24	24	24	23	23	23	41	40	39	38	37	46	45	44	43	42	41	41	40	40	40	40	39	38	60	61	60	59	58	57	56	56	55	54	53	52	51	51	51	51	51	51	51	51	51	51	50	49	48	48	48	47	47	47	47	46	46	45	45	44	44	44	44	44	44	44	44	44	44	44	44	44	44	44	143
115	1	1	3	3	2	7	6	8	7	7	7	6	6	6	19	19	22	21	26	26	25	25	24	24	24	23	23	23	41	40	39	38	37	47	46	45	44	43	42	42	41	41	41	41	40	39	38	38	38	37	37	36	36	36	36	36	36	36	35	35	35	35	35	35	35	35	35	35	35	35	34	34	34	92	91	90	89	88	87	86	85	84	83	82	81	80	79	79	79	79	79	78	78	78	77	77	150
116	1	1	3	3	2	7	6	8	7	7	7	6	6	6	19	19	22	21	26	26	25	25	24	24	24	23	23	23	41	40	39	38	37	47	46	45	44	43	42	42	41	41	41	41	40	39	38	38	38	37	37	36	36	36	36	36	36	36	35	35	35	35	35	35	35	35	35	35	35	35	34	34	34	91	90	89	88	87	86	85	84	83	101	100	99	98	97	106	105	104	103	102	101	100	99	99	149
117	1	1	3	3	2	7	6	8	7	7	7	6	6	6	19	19	22	21	26	26	25	25	24	24	24	23	23	23	41	40	39	38	37	47	46	45	44	43	42	42	41	41	41	41	40	39	38	38	38	37	37	36	36	36	36	36	36	36	35	35	35	35	35	35	35	35	35	35	35	35	34	34	34	91	90	89	88	87	86	85	84	83	101	100	99	98	97	107	106	105	104	103	102	101	100	100	73
118	1	1	3	3	2	7	6	8	7	7	7	6	6	6	19	19	22	21	26	26	25	25	24	24	24	23	23	23	41	40	39	38	37	47	46	45	44	43	42	42	41	41	41	41	40	39	38	38	38	37	37	36	36	36	36	36	36	36	35	35	35	35	35	35	35	35	35	35	35	35	34	34	34	91	90	89	88	87	86	85	84	83	101	100	99	98	97	106	105	104	103	102	101	100	99	99	148
119	1	2	1	1	4	3	2	2	9	9	9	8	15	15	14	14	14	13	13	13	29	29	28	28	27	26	37	36	35	34	33	32	31	31	31	31	50	49	48	48	47	55	54	53	52	51	50	50	49	48	48	47	70	72	71	70	69	68	67	67	66	66	65	65	64	64	63	63	62	61	60	60	60	59	58	58	58	57	57	56	56	55	55	54	54	54	54	54	54	54	54	54	54	54	54	54	81
120	1	2	1	1	4	3	2	2	9	9	9	8	15	15	14	14	14	13	13	13	29	29	28	28	27	26	37	36	35	34	33	32	31	31	31	31	50	49	48	48	47	56	55	54	53	52	51	51	50	49	49	48	47	47	46	46	46	45	44	44	44	44	44	44	44	44	44	44	43	43	42	42	42	41	41	41	41	40	40	39	39	39	39	39	39	39	39	39	39	39	39	39	39	39	39	39	33
121	1	2	1	1	4	3	2	2	9	9	9	8	15	15	14	14	14	13	13	13	29	29	28	28	27	26	37	36	35	34	33	32	31	31	31	31	50	49	48	48	47	55	54	53	52	51	50	50	49	48	48	47	70	72	71	70	69	68	67	67	66	66	65	65	64	64	63	63	62	61	60	60	60	59	58	58	58	57	57	56	56	55	55	54	54	54	54	54	54	54	54	54	54	54	54	54	82
122	1	2	1	1	4	3	2	2	9	9	9	8	15	15	14	14	14	13	13	13	29	29	28	28	27	26	37	36	35	34	33	32	31	31	31	31	50	49	48	48	47	55	54	53	52	51	50	50	49	48	48	47	70	71	70	69	68	67	66	66	65	65	64	64	63	63	62	62	61	60	59	59	59	58	57	57	57	56	56	55	55	54	54	103	102	101	100	99	98	98	97	96	96	95	94	94	68
123	1	2	1	1	4	3	2	2	9	9	9	8	15	15	14	14	14	13	13	13	29	29	28	28	27	26	37	36	35	34	33	32	31	31	31	31	50	49	48	48	47	55	54	53	52	51	50	50	49	48	48	47	70	71	70	69	68	67	66	66	65	65	64	64	63	63	62	62	61	60	59	59	59	58	57	57	57	56	56	55	55	54	54	102	101	100	99	98	97	97	96	95	95	94	93	93	176
124	1	2	1	1	4	3	2	2	9	9	9	8	15	15	14	14	14	13	13	13	29	29	28	28	27	26	37	36	35	34	33	32	31	31	31	31	50	49	48	48	47	55	54	53	52	51	50	50	49	48	48	47	70	71	70	69	68	67	66	66	65	65	64	64	63	63	62	62	61	60	59	59	59	58	57	57	57	56	56	55	55	54	54	102	101	100	99	98	97	97	96	95	95	94	93	93	175
125	1	2	1	1	4	3	2	2	9	9	9	8	15	15	14	14	14	13	13	13	29	29	28	28	27	26	37	36	35	34	33	32	31	31	31	31	50	49	48	48	47	55	54	53	52	51	50	50	49	48	48	47	70	71	70	69	68	67	66	66	65	65	64	64	63	63	62	62	61	60	59	59	59	58	57	57	57	56	56	55	55	54	54	102	101	100	99	98	97	97	96	95	95	94	93	93	177
126	1	2	1	1	4	3	2	2	9	9	9	8	15	15	14	14	14	13	13	13	29	29	28	28	27	26	37	36	35	34	33	32	31	31	31	31	50	49	48	48	47	55	54	53	52	51	50	50	49	48	48	47	70	71	70	69	68	67	66	66	65	65	64	64	63	63	62	62	61	60	59	59	59	58	57	57	57	56	56	55	55	54	54	102	101	100	99	98	97	97	96	95	95	94	93	93	178
127	1	2	1	1	4	3	2	2	9	9	9	8	15	15	14	14	14	13	13	13	29	29	28	28	27	26	37	36	35	34	33	32	31	31	31	31	50	49	48	48	47	55	54	53	52	51	50	50	49	48	48	47	70	71	70	69	68	67	66	66	65	65	64	64	63	63	62	62	61	60	59	59	59	58	57	57	57	56	56	55	55	54	54	102	101	100	99	98	97	97	96	95	95	94	93	93	179
128	1	2	1	1	4	3	2	2	10	11	10	9	8	8	7	7	7	7	7	7	7	7	7	7	7	6	6	6	6	6	5	5	5	5	5	5	5	51	50	50	49	48	47	46	45	44	43	43	42	41	41	40	40	40	39	39	39	39	38	38	38	38	38	38	38	38	38	38	86	85	84	83	82	81	80	79	78	77	76	75	75	74	74	73	72	71	71	71	71	71	71	70	70	70	69	69	100
129	1	2	1	1	4	3	2	2	10	11	10	9	8	8	7	7	7	7	7	7	7	7	7	7	7	6	6	6	6	6	5	5	5	5	5	5	5	51	50	50	49	48	47	46	45	44	43	43	42	41	41	40	40	40	39	39	39	39	38	38	38	38	38	38	38	38	38	38	86	85	84	83	82	81	80	79	78	77	76	75	75	74	74	73	72	71	71	71	71	71	71	70	70	70	69	69	99
130	1	2	1	1	4	3	2	2	10	11	10	9	8	8	7	7	7	7	7	7	7	7	7	7	7	6	6	6	6	6	5	5	5	5	5	5	5	51	50	50	49	48	47	46	45	44	43	43	42	41	41	40	40	40	39	39	39	39	38	38	38	38	38	38	38	38	38	38	86	85	84	83	82	81	80	79	78	77	76	75	75	74	74	73	72	71	71	71	71	71	71	70	70	70	69	69	101
131	1	2	1	1	4	3	2	2	10	11	10	9	8	8	7	7	7	7	7	7	7	7	7	7	7	6	6	6	6	6	5	5	5	5	5	5	5	51	50	50	49	48	47	46	45	44	43	43	42	41	41	40	40	40	39	39	39	39	38	38	38	38	38	38	38	38	38	38	86	85	84	83	82	81	80	79	78	77	76	75	75	74	74	73	72	71	71	71	71	71	71	70	70	70	69	69	102
132	1	2	1	1	4	3	2	2	10	11	10	9	8	8	7	7	7	7	7	7	7	7	7	7	7	6	6	6	6	6	5	5	5	5	5	5	5	51	50	50	49	48	47	46	45	44	43	43	42	41	41	40	40	40	39	39	39	39	38	38	38	38	38	38	38	38	38	38	86	85	84	83	82	81	80	79	78	77	76	75	75	74	74	73	72	71	71	71	71	71	71	70	70	70	69	69	103
133	1	2	1	1	4	3	2	2	10	11	10	9	8	8	7	7	7	7	7	7	7	7	7	7	7	6	6	6	6	6	5	5	5	5	5	5	5	52	51	51	50	49	48	47	46	45	44	44	43	42	42	41	41	41	40	40	40	40	39	39	39	39	39	39	39	39	39	39	38	38	37	37	37	36	36	36	36	35	35	35	35	35	35	35	35	35	35	35	35	35	35	35	35	35	35	35	29
134	1	2	1	1	4	3	2	2	10	11	10	9	8	8	7	7	7	7	7	7	7	7	7	7	7	6	6	6	6	6	5	5	5	5	5	5	5	51	50	50	49	48	47	46	45	44	43	43	42	41	41	40	40	40	39	39	39	39	38	38	38	38	38	38	38	38	38	38	86	85	84	83	82	81	80	79	78	77	76	75	75	74	74	73	72	71	71	71	71	71	71	70	70	70	69	69	104
135	1	2	1	1	4	3	2	2	10	11	10	9	8	8	7	7	7	7	7	7	7	7	7	7	7	6	6	6	6	6	5	5	5	5	5	5	5	51	50	50	49	48	47	46	45	44	43	43	42	41	41	40	40	40	39	39	39	39	38	38	38	38	38	38	38	38	38	38	86	85	84	83	82	81	80	79	78	77	76	75	75	74	74	73	72	71	71	71	71	71	71	70	70	70	69	69	105
136	1	2	1	1	4	3	2	2	10	11	10	9	8	8	7	7	7	7	7	7	7	7	7	7	7	6	6	6	6	6	5	5	5	5	5	5	5	51	50	50	49	48	47	46	45	44	43	43	42	41	41	40	40	40	39	39	39	39	38	38	38	38	38	38	38	38	38	38	86	85	84	83	82	81	80	79	78	77	76	75	75	74	74	73	72	71	71	71	71	71	71	70	70	70	69	69	106
137	1	2	1	1	4	3	2	2	10	11	10	9	8	8	7	7	7	7	7	7	7	7	7	7	7	6	6	6	6	6	5	5	5	5	5	5	5	51	50	50	49	48	47	46	45	44	43	43	42	41	41	40	40	40	39	39	39	39	38	38	38	38	38	38	38	38	38	38	87	86	85	84	83	82	81	80	79	78	77	76	76	75	75	74	73	72	72	72	72	72	72	71	71	71	70	70	52
138	1	2	1	1	4	3	2	2	10	11	10	9	8	8	7	7	7	7	7	7	7	7	7	7	7	6	6	6	6	6	5	5	5	5	5	5	5	51	50	50	49	48	47	46	45	44	43	43	42	41	41	40	40	40	39	39	39	39	38	38	38	38	38	38	38	38	38	38	86	85	84	83	82	81	80	79	78	77	76	75	75	74	74	73	72	71	71	71	71	71	71	70	70	70	69	69	98
139	1	2	1	1	4	3	2	2	10	10	11	10	9	9	8	8	8	25	24	24	23	23	23	23	23	22	22	22	22	22	21	20	20	20	20	20	20	19	19	19	18	18	18	18	18	18	18	18	18	18	18	18	18	18	18	18	18	18	17	17	17	17	17	17	17	17	17	17	17	17	17	17	17	17	17	17	17	17	17	17	17	17	17	17	17	17	17	17	17	17	17	17	17	17	17	17	12
140	1	2	1	1	4	3	2	2	10	10	11	10	9	9	8	8	8	24	23	23	22	22	22	22	22	21	21	21	21	21	20	19	19	19	19	19	19	18	18	18	17	17	17	17	17	17	17	17	17	17	17	17	17	17	17	17	17	17	16	16	16	16	16	16	16	16	16	16	16	16	16	16	16	16	16	16	16	16	16	16	16	16	16	16	16	16	16	16	16	16	16	16	16	16	16	16	95
141	1	2	1	1	4	3	2	2	10	10	12	11	10	10	9	9	9	8	8	8	8	8	8	8	8	7	7	7	7	7	6	6	6	6	6	6	6	5	5	5	5	5	5	5	5	5	5	5	5	5	5	5	5	5	5	5	5	5	5	5	5	5	5	5	5	5	5	5	5	5	5	5	5	5	5	5	5	5	5	5	5	5	5	5	5	5	5	5	5	5	5	5	5	5	5	5	4
142	1	2	1	1	4	3	2	2	10	10	11	10	9	9	8	8	8	23	22	22	21	21	21	21	21	20	20	20	20	20	19	18	18	18	18	18	18	17	17	17	16	16	16	16	16	16	16	16	16	16	16	16	16	16	16	16	16	16	15	15	15	15	15	15	15	15	15	15	15	15	15	15	15	15	15	15	15	15	15	15	15	15	15	15	15	15	15	15	15	15	15	15	15	15	15	15	11
143	1	2	1	1	4	3	2	2	10	10	11	10	9	9	8	8	8	24	23	23	22	22	22	22	22	21	21	21	21	21	20	19	19	19	19	19	19	18	18	18	17	17	17	17	17	17	17	17	17	17	17	17	17	17	17	17	17	17	16	16	16	16	16	16	16	16	16	16	16	16	16	16	16	16	16	16	16	16	16	16	16	16	16	16	16	16	16	16	16	16	16	16	16	16	16	16	96
144	1	2	1	1	4	3	2	2	10	10	11	10	9	9	8	8	8	24	23	23	22	22	22	22	22	21	21	21	21	21	20	19	19	19	19	19	19	18	18	18	17	17	17	17	17	17	17	17	17	17	17	17	17	17	17	17	17	17	16	16	16	16	16	16	16	16	16	16	16	16	16	16	16	16	16	16	16	16	16	16	16	16	16	16	16	16	16	16	16	16	16	16	16	16	16	16	97
145	1	2	1	1	4	3	2	2	9	9	9	8	15	15	14	14	14	13	13	13	30	31	30	30	29	28	27	27	26	26	25	24	24	24	24	24	24	23	23	23	22	22	22	22	21	60	59	59	58	57	56	55	54	54	53	52	52	51	50	50	50	50	50	50	50	50	50	50	49	48	47	47	47	46	46	46	46	45	45	44	44	43	43	43	43	43	43	43	43	43	43	43	43	43	43	43	36
146	1	2	1	1	4	3	2	2	9	9	9	8	15	15	14	14	14	13	13	13	30	31	30	30	29	28	27	27	26	26	25	24	24	24	24	24	24	23	23	23	22	22	22	22	21	59	58	58	57	56	55	54	53	53	52	51	51	50	49	49	49	49	49	49	49	49	49	49	48	87	86	85	84	83	82	81	80	79	78	77	77	76	76	75	74	73	73	73	73	73	73	72	72	72	71	71	53
147	1	2	1	1	4	3	2	2	9	9	9	8	15	15	14	14	14	13	13	13	30	31	30	30	29	28	27	27	26	26	25	24	24	24	24	24	24	23	23	23	22	22	22	22	21	59	58	58	57	56	55	54	53	53	52	51	51	50	49	49	49	49	49	49	49	49	49	49	48	88	87	86	85	84	83	82	81	80	79	78	78	77	77	76	75	74	74	74	74	74	74	73	73	73	72	72	54
148	1	2	1	1	4	3	2	2	9	9	9	8	15	15	14	14	14	13	13	13	30	30	29	29	28	27	26	26	25	25	24	23	23	23	23	23	23	22	22	22	21	21	21	21	20	20	20	20	20	20	20	20	20	20	20	20	20	20	19	19	19	19	19	19	19	19	19	19	19	19	88	87	86	85	84	83	82	81	80	79	79	78	78	77	76	75	75	75	75	75	75	74	74	74	73	73	88
149	1	2	1	1	4	3	2	2	9	9	9	8	15	15	14	14	14	13	13	13	30	30	29	29	28	27	26	26	25	25	24	23	23	23	23	23	23	22	22	22	21	21	21	21	20	20	20	20	20	20	20	20	20	20	20	20	20	20	19	19	19	19	19	19	19	19	19	19	19	19	88	87	86	85	84	83	82	81	80	79	79	78	78	77	76	75	75	75	75	75	75	74	74	74	73	73	89
150	1	2	1	1	4	3	2	2	9	9	9	8	15	15	14	14	14	13	13	13	30	30	29	29	28	27	26	26	25	25	24	23	23	23	23	23	23	22	22	22	21	21	21	21	20	20	20	20	20	20	20	20	20	20	20	20	20	20	19	19	19	19	19	19	19	19	19	19	19	19	89	88	87	86	85	84	83	82	81	80	80	79	79	78	77	76	76	76	76	76	76	75	75	75	74	74	55
151	1	2	1	1	4	3	2	2	9	9	9	8	15	15	14	14	14	13	13	13	29	29	28	28	27	26	37	36	35	34	33	32	31	31	31	31	50	49	48	48	47	55	54	53	52	51	50	50	49	48	48	47	70	71	70	69	68	67	66	66	65	65	64	64	63	63	62	62	61	60	59	59	59	58	57	57	57	56	56	55	55	54	54	102	101	100	99	98	97	97	96	95	95	94	93	93	180
152	1	2	1	1	4	3	2	2	9	9	9	8	15	15	14	14	14	13	13	13	29	29	28	28	27	26	38	37	36	35	34	33	32	32	32	32	31	30	30	30	29	29	29	29	28	27	27	27	27	27	27	27	27	27	27	27	27	27	26	26	26	26	26	26	26	26	26	26	26	26	25	25	25	25	25	25	25	24	24	24	24	24	24	24	24	24	24	24	24	24	24	24	24	24	24	24	87
153	1	2	1	1	4	3	2	2	9	9	9	8	15	15	14	14	14	13	13	13	29	29	28	28	27	26	38	37	36	35	34	33	32	32	32	32	31	30	30	30	29	29	29	29	28	27	27	27	27	27	27	27	27	27	27	27	27	27	26	26	26	26	26	26	26	26	26	26	26	26	25	25	25	25	25	25	25	24	24	24	24	24	24	24	24	24	24	24	24	24	24	24	24	24	24	24	85
154	1	2	1	1	4	3	2	2	9	9	9	8	15	15	14	14	14	13	13	13	29	29	28	28	27	26	38	37	36	35	34	33	32	32	32	32	31	30	30	30	29	29	29	29	28	27	27	27	27	27	27	27	27	27	27	27	27	27	26	26	26	26	26	26	26	26	26	26	26	26	25	25	25	25	25	25	25	24	24	24	24	24	24	24	24	24	24	24	24	24	24	24	24	24	24	24	86
155	1	2	1	1	4	3	2	2	9	9	9	8	15	15	14	14	14	13	13	13	29	29	28	28	27	26	37	36	35	34	33	32	31	31	31	31	50	49	48	48	47	55	54	53	52	51	50	50	49	48	48	47	70	71	70	69	68	67	66	66	65	65	64	64	63	63	62	62	61	60	59	59	59	58	57	57	57	56	56	55	55	54	54	102	101	100	99	98	97	97	96	95	95	94	93	93	182
156	1	2	1	1	4	3	2	2	9	9	9	8	15	15	14	14	14	13	13	13	29	29	28	28	27	26	37	36	35	34	33	32	31	31	31	31	51	50	49	49	48	47	46	45	44	43	42	42	41	40	40	39	39	39	38	38	38	38	37	37	37	37	37	37	37	37	37	37	37	37	36	36	36	35	35	35	35	34	34	34	34	34	34	34	34	34	34	34	34	34	34	34	34	34	34	34	28
157	1	2	1	1	4	3	2	2	9	9	9	8	15	15	14	14	14	13	13	13	29	29	28	28	27	26	37	36	35	34	33	32	31	31	31	31	50	49	48	48	47	55	54	53	52	51	50	50	49	48	48	47	70	70	69	68	67	66	65	65	64	64	63	63	62	62	61	61	60	59	58	58	58	57	56	56	56	55	55	54	54	53	53	53	53	53	53	53	53	53	53	53	53	53	53	53	84
158	1	2	1	1	4	3	2	2	9	9	9	8	15	15	14	14	14	13	13	13	29	29	28	28	27	26	37	36	35	34	33	32	31	31	31	31	50	49	48	48	47	55	54	53	52	51	50	50	49	48	48	47	70	70	69	68	67	66	65	65	64	64	63	63	62	62	61	61	60	59	58	58	58	57	56	56	56	55	55	54	54	53	53	53	53	53	53	53	53	53	53	53	53	53	53	53	83
159	1	2	1	1	4	3	2	2	9	9	9	8	15	15	14	14	14	13	13	13	29	29	28	28	27	26	37	36	35	34	33	32	31	31	31	31	50	49	48	48	47	55	54	53	52	51	50	50	49	48	48	47	70	71	70	69	68	67	66	66	65	65	64	64	63	63	62	62	61	60	59	59	59	58	57	57	57	56	56	55	55	54	54	102	101	100	99	98	97	97	96	95	95	94	93	93	181
160	1	2	1	1	4	3	2	2	9	9	9	8	15	15	14	14	14	13	13	13	29	29	28	28	27	26	37	36	35	34	33	32	31	31	31	31	50	49	48	48	47	55	54	53	52	51	50	50	49	48	48	47	69	69	68	67	66	65	64	64	63	63	80	79	78	77	76	75	74	73	72	89	88	87	86	85	84	83	82	81	100	99	98	97	96	95	94	94	93	93	92	91	91	90	89	89	66
161	1	2	1	1	4	3	2	2	9	9	9	8	15	15	14	14	14	13	13	13	29	29	28	28	27	26	37	36	35	34	33	32	31	31	31	31	50	49	48	48	47	55	54	53	52	51	50	50	49	48	48	47	69	69	68	67	66	65	64	64	63	63	80	79	78	77	76	75	74	73	72	89	88	87	86	85	84	83	82	81	99	98	97	96	95	94	93	93	92	92	109	108	107	106	105	105	172
162	1	2	1	1	4	3	2	2	9	9	9	8	16	16	15	15	15	14	14	14	13	13	13	13	13	12	12	12	12	12	11	10	10	10	10	10	10	9	9	9	9	9	9	9	9	9	9	9	9	9	9	9	9	9	9	9	9	9	9	9	9	9	9	9	9	9	9	9	9	9	9	9	9	9	9	9	9	9	9	9	9	9	9	9	9	9	9	9	9	9	9	9	9	9	9	9	92
163	1	2	1	1	4	3	2	2	9	9	9	8	16	16	15	15	15	14	14	14	13	13	13	13	13	12	12	12	12	12	11	10	10	10	10	10	10	9	9	9	9	9	9	9	9	9	9	9	9	9	9	9	9	9	9	9	9	9	9	9	9	9	9	9	9	9	9	9	9	9	9	9	9	9	9	9	9	9	9	9	9	9	9	9	9	9	9	9	9	9	9	9	9	9	9	9	91
164	1	2	1	1	4	3	2	2	9	9	9	8	16	16	15	15	15	14	14	14	13	13	13	13	13	12	12	12	12	12	11	10	10	10	10	10	10	9	9	9	9	9	9	9	9	9	9	9	9	9	9	9	9	9	9	9	9	9	9	9	9	9	9	9	9	9	9	9	9	9	9	9	9	9	9	9	9	9	9	9	9	9	9	9	9	9	9	9	9	9	9	9	9	9	9	9	94
165	1	2	1	1	4	3	2	2	9	9	9	8	16	16	15	15	15	14	14	14	13	13	13	13	13	12	12	12	12	12	11	10	10	10	10	10	10	9	9	9	9	9	9	9	9	9	9	9	9	9	9	9	9	9	9	9	9	9	9	9	9	9	9	9	9	9	9	9	9	9	9	9	9	9	9	9	9	9	9	9	9	9	9	9	9	9	9	9	9	9	9	9	9	9	9	9	90
166	1	2	1	1	4	3	2	2	9	9	9	8	16	16	15	15	15	14	14	14	13	13	13	13	13	12	12	12	12	12	11	10	10	10	10	10	10	9	9	9	9	9	9	9	9	9	9	9	9	9	9	9	9	9	9	9	9	9	9	9	9	9	9	9	9	9	9	9	9	9	9	9	9	9	9	9	9	9	9	9	9	9	9	9	9	9	9	9	9	9	9	9	9	9	9	9	93
167	1	2	1	1	4	3	2	2	9	9	9	8	16	17	16	16	16	15	15	15	14	14	14	14	14	13	13	13	13	13	12	11	11	11	11	11	11	10	10	10	10	10	10	10	10	10	10	10	10	10	10	10	10	10	10	10	10	10	10	10	10	10	10	10	10	10	10	10	10	10	10	10	10	10	10	10	10	10	10	10	10	10	10	10	10	10	10	10	10	10	10	10	10	10	10	10	7
168	1	2	1	1	4	3	2	2	9	9	9	8	16	18	17	17	17	16	16	16	15	15	15	15	15	14	14	14	14	14	13	12	12	12	12	12	12	11	11	11	55	54	53	52	51	50	49	49	48	47	47	46	46	46	45	45	45	44	43	43	43	43	43	43	43	43	43	43	42	42	41	41	41	40	40	40	40	39	39	38	38	38	38	38	38	38	38	38	38	38	38	38	38	38	38	38	32
169	1	2	1	1	4	3	2	2	9	9	9	8	14	14	13	13	13	12	12	12	12	12	12	12	12	11	11	11	11	11	10	9	9	9	9	9	9	8	8	8	8	8	8	8	8	8	8	8	8	8	8	8	8	8	8	8	8	8	8	8	8	8	8	8	8	8	8	8	8	8	8	8	8	8	8	8	8	8	8	8	8	8	8	8	8	8	8	8	8	8	8	8	8	8	8	8	6
170	1	2	1	1	4	3	2	2	9	9	9	8	16	18	17	17	17	16	16	16	15	15	15	15	15	14	14	14	14	14	13	12	12	12	12	12	12	11	11	11	54	53	52	51	50	49	48	48	47	46	46	45	45	45	44	44	44	43	42	42	42	42	42	42	42	42	42	42	41	41	40	40	40	39	39	39	39	38	38	37	37	37	37	37	37	37	37	37	37	37	37	37	37	37	37	37	31
171	1	2	1	1	4	3	2	2	9	9	9	8	15	15	14	14	14	13	13	13	29	29	28	28	27	26	37	36	35	34	33	32	31	31	31	31	50	49	48	48	47	55	54	53	52	51	50	50	49	48	48	47	69	69	68	67	66	65	64	64	63	63	81	80	79	78	77	76	75	74	73	72	71	70	69	68	67	66	66	65	65	64	64	63	63	63	63	63	63	63	63	62	62	62	62	62	47
172	1	2	1	1	4	3	2	2	9	9	9	8	15	15	14	14	14	13	13	13	29	29	28	28	27	26	37	36	35	34	33	32	31	31	31	31	50	49	48	48	47	55	54	53	52	51	50	50	49	48	48	47	69	69	68	67	66	65	64	64	63	63	80	79	78	77	76	75	74	73	72	89	88	87	86	85	84	83	82	81	99	98	97	96	95	94	93	93	92	92	109	108	107	106	105	105	171
173	1	2	1	1	4	3	2	2	9	9	9	8	15	15	14	14	14	13	13	13	29	29	28	28	27	26	37	36	35	34	33	32	31	31	31	31	50	49	48	48	47	55	54	53	52	51	50	50	49	48	48	47	69	69	68	67	66	65	64	64	63	63	80	79	78	77	76	75	74	73	72	89	88	87	86	85	84	83	82	81	99	98	97	96	95	94	93	93	92	92	109	108	107	106	105	105	174
174	1	2	1	1	5	4	3	3	2	2	2	2	2	2	2	2	2	2	2	2	2	2	2	2	2	2	2	2	2	2	2	2	2	2	2	2	2	2	2	2	2	2	2	2	2	2	2	2	2	2	2	2	2	2	2	2	2	2	2	2	2	2	2	2	2	2	2	2	2	2	2	2	2	2	2	2	2	2	2	2	2	2	2	2	2	2	2	2	2	2	2	2	2	2	2	2	2
175	1	2	1	1	4	3	2	2	9	9	9	8	15	15	14	14	14	13	13	13	29	29	28	28	27	26	37	36	35	34	33	32	31	31	31	31	50	49	48	48	47	55	54	53	52	51	50	50	49	48	48	47	69	69	68	67	66	65	64	64	63	63	80	79	78	77	76	75	74	73	72	90	89	88	87	86	85	84	83	82	81	80	80	79	78	77	77	77	77	77	77	76	76	76	75	75	56
176	1	2	1	1	4	3	2	2	9	9	9	8	15	15	14	14	14	13	13	13	29	29	28	28	27	26	37	36	35	34	33	32	31	31	31	31	50	49	48	48	47	55	54	53	52	51	50	50	49	48	48	47	69	69	68	67	66	65	64	64	63	63	80	79	78	77	76	75	74	73	72	89	88	87	86	85	84	83	82	81	99	98	97	96	95	94	93	93	92	92	110	109	108	107	106	106	74
177	1	2	1	1	4	3	2	2	9	9	9	8	15	15	14	14	14	13	13	13	29	29	28	28	27	26	37	36	35	34	33	32	31	31	31	31	50	49	48	48	47	55	54	53	52	51	50	50	49	48	48	47	69	69	68	67	66	65	64	64	63	63	80	79	78	77	76	75	74	73	72	89	88	87	86	85	84	83	82	81	99	98	97	96	95	94	93	93	92	92	109	108	107	106	105	105	173
178	1	1	3	3	2	7	6	8	7	7	7	6	6	6	19	19	22	21	26	26	25	25	24	24	24	23	23	23	41	40	39	38	37	47	46	45	44	43	42	42	41	41	41	41	40	39	38	38	38	37	37	36	36	36	36	36	36	36	35	35	35	35	35	35	35	35	35	35	35	35	34	34	34	91	90	89	88	87	86	85	84	83	102	101	100	99	98	97	96	96	95	94	94	93	92	92	67
179	1	1	3	3	2	7	6	8	7	7	7	6	6	6	19	19	22	21	26	26	25	25	24	24	24	23	23	23	41	40	39	38	37	47	46	45	44	43	42	42	41	41	41	41	40	39	38	38	38	37	37	36	36	36	36	36	36	36	35	35	35	35	35	35	35	35	35	35	35	35	34	34	34	92	91	90	89	88	87	86	85	84	83	82	81	80	79	79	79	79	79	78	78	78	77	77	151
180	1	1	3	3	2	7	6	8	7	7	7	6	6	6	19	19	22	21	26	26	25	25	24	24	24	23	23	23	41	40	39	38	37	46	45	44	43	42	41	41	40	40	40	40	39	38	60	62	61	60	59	58	57	57	56	55	54	53	52	52	52	52	52	52	52	52	52	52	51	50	49	49	49	48	48	48	48	47	47	46	46	45	45	45	45	45	45	45	45	45	45	45	45	45	45	45	147
181	1	1	3	3	2	7	6	8	7	7	7	6	6	6	19	19	22	21	26	26	25	25	24	24	24	23	23	23	41	40	39	38	37	46	45	44	43	42	41	41	40	40	40	40	39	38	60	62	61	60	59	58	57	57	56	55	54	53	52	52	52	52	52	52	52	52	52	52	51	50	49	49	49	48	48	48	48	47	47	46	46	45	45	45	45	45	45	45	45	45	45	45	45	45	45	45	146
